0.8794
0.6161
0.3514
0.1460
0.5893
0.0357
0.0562
0.6665
0.6628
0.2608
0.8124
0.3148
0.0270
0.6499
0.9845
0.6175
0.7065
0.3101
0.9140
0.5246
0.5933
0.9608
0.2711
0.5770
0.0681
0.0956
0.9656
0.6703
0.5834
0.7757
0.2923
0.1864
0.4065
0.9771
0.0140
0.7248
0.5725
0.9717
0.9535
0.1058
0.5706
0.7471
0.2396
0.8447
0.1206
0.3888
0.8552
0.9890
0.4438
0.0858
0.6237
0.8695
0.6908
0.9486
0.1509
0.5672
0.7825
0.0581
0.8880
0.0057
0.0275
0.1912
0.2630
0.0133
0.7112
0.3036
0.5609
0.7132
0.9457
0.5091
0.2069
0.8599
0.4750
0.1189
0.1767
0.2156
0.7938
0.3277
0.4280
0.6364
0.8528
0.3048
0.1092
0.2797
0.6894
0.6615
0.9315
0.0169
0.3064
0.3908
0.7965
0.3232
0.3671
0.5190
0.1510
0.1475
0.9307
0.2899
0.3566
0.2451
0.9583
0.0166
0.5500
0.4966
0.7309
0.7986
0.5257
0.9117
0.8371
0.9935
0.4242
0.0322
0.9613
0.7904
0.3925
0.9133
0.7469
0.7894
0.4836
0.9323
0.6306
0.9760
0.2679
0.6163
0.4691
0.3899
0.3181
0.8006
0.4356
0.6346
0.5957
0.2930
0.6556
0.0721
0.0239
0.3294
0.0398
0.1281
0.5398
0.5539
0.9350
0.1929
0.9430
0.8633
0.4669
0.3710
0.2954
0.8141
0.9017
0.2768
0.0404
0.8456
0.6652
0.9266
0.8177
0.2325
0.5282
0.8896
0.7190
0.5647
0.9523
0.0281
0.5050
0.2355
0.5663
0.6034
0.0962
0.0177
0.3911
0.8151
0.4519
0.7435
0.0778
0.4162
0.7032
0.8541
0.3061
0.7533
0.6834
0.5202
0.7080
0.4322
0.4823
0.5788
0.5032
0.9927
0.8635
0.0762
0.3063
0.3092
0.4457
0.6613
0.1432
0.7959
0.4573
0.0709
0.2005
0.9259
0.6177
0.0796
0.8890
0.2877
0.3679
0.3202
0.6126
0.5417
0.8626
0.0642
0.1419
0.3693
0.0451
0.0789
0.3900
0.9917
0.1843
0.6035
0.0676
0.9769
0.2652
0.7613
0.6538
0.6705
0.1417
0.5173
0.2956
0.2056
0.8139
0.0815
0.3165
0.9064
0.4700
0.7311
0.0208
0.2516
0.1375
0.3934
0.0253
0.1759
0.5212
0.9321
0.2377
0.7047
0.8164
0.2434
0.1637
0.2252
0.0660
0.6540
0.8491
0.2466
0.1636
0.7799
0.0827
0.5666
0.3086
0.8791
0.5926
0.1420
0.0362
0.7867
0.5331
0.5735
0.6367
0.8624
0.3175
0.5039
0.6402
0.2721
0.6796
0.5489
0.4149
0.6664
0.2660
0.7613
0.5209
0.9635
0.2712
0.0347
0.4299
0.1527
0.7661
0.4145
0.9407
0.3586
0.0300
0.6753
0.6952
0.4224
0.3670
0.3268
0.3061
0.9817
0.3545
0.7383
0.2017
0.3743
0.5940
0.9042
0.0982
0.7556
0.6267
0.2194
0.9307
0.4086
0.4926
0.6965
0.0549
0.9051
0.0008
0.8329
0.4488
0.3614
0.1280
0.1133
0.0001
0.4215
0.3969
0.2119
0.7386
0.0467
0.6589
0.5083
0.1505
0.2291
0.0952
0.4665
0.6799
0.6828
0.0098
0.1265
0.6575
0.2542
0.6169
0.0006
0.4365
0.4144
0.8136
0.0997
0.3580
0.3688
0.3382
0.6154
0.0418
0.6305
0.5840
0.8297
0.2132
0.0307
0.3038
0.5175
0.4521
0.5724
0.1134
0.0366
0.8643
0.5728
0.5071
0.5730
0.1531
0.5752
0.4483
0.3571
0.7504
0.2785
0.3890
0.5490
0.2315
0.0835
0.0244
0.0430
0.8411
0.3433
0.0897
0.5923
0.1333
0.0594
0.3997
0.6491
0.6539
0.5009
0.7008
0.7294
0.2176
0.6862
0.4020
0.3119
0.6316
0.2317
0.0955
0.7028
0.2604
0.1940
0.5601
0.1580
0.2750
0.7660
0.4981
0.0879
0.0072
0.0275
0.8818
0.4738
0.8394
0.9852
0.4629
0.3352
0.1480
0.9498
0.4656
0.7207
0.8159
0.1323
0.4159
0.6785
0.6338
0.6269
0.5418
0.7182
0.9623
0.4209
0.6551
0.2912
0.8038
0.9818
0.9943
0.5366
0.2722
0.9976
0.0756
0.1410
0.7778
0.7523
0.0199
0.0956
0.3504
0.2899
0.2979
0.7771
0.6605
0.4513
0.4755
0.2055
0.0026
0.5892
0.6959
0.1401
0.8624
0.1653
0.8825
0.3779
0.1487
0.8250
0.3232
0.6227
0.3027
0.9459
0.6531
0.1773
0.4305
0.1448
0.4763
0.8614
0.1085
0.1204
0.3810
0.3386
0.3280
0.6977
0.9028
0.9419
0.6788
0.7333
0.4050
0.4050
0.8714
0.3415
0.2606
0.9430
0.6915
0.5057
0.5605
0.8410
0.3557
0.1864
0.1474
0.1808
0.9750
0.5334
0.1803
0.7455
0.7412
0.5920
0.5914
0.3109
0.4914
0.2334
0.0316
0.6499
0.9741
0.1882
0.4962
0.5375
0.0719
0.4876
0.5003
0.4338
0.9106
0.2487
0.4237
0.8179
0.4274
0.8113
0.8225
0.5041
0.3919
0.7118
0.8937
0.5379
0.5231
0.5633
0.1994
0.5464
0.3964
0.6603
0.7815
0.8173
0.6375
0.0036
0.8804
0.9532
0.5852
0.8221
0.6554
0.4139
0.7212
0.4108
0.2391
0.3811
0.6473
0.7935
0.2369
0.5960
0.7608
0.2065
0.8449
0.4608
0.3584
0.3492
0.6570
0.8740
0.3645
0.2088
0.8950
0.0596
0.3332
0.6432
0.8188
0.6023
0.9894
0.0202
0.3933
0.0509
0.6619
0.2573
0.0842
0.3116
0.7997
0.0339
0.5450
0.6366
0.2617
0.9434
0.7640
0.1007
0.3081
0.6974
0.3912
0.6145
0.8231
0.9922
0.0970
0.5744
0.5538
0.2944
0.0076
0.3636
0.7282
0.2523
0.4275
0.7104
0.5404
0.8285
0.2875
0.9653
0.0249
0.4454
0.8442
0.7048
0.5026
0.9337
0.2925
0.3334
0.0600
0.5729
0.5235
0.4709
0.5745
0.9927
0.9388
0.5149
0.5176
0.9107
0.5943
0.9720
0.9841
0.3323
0.6222
0.7459
0.1406
0.0687
0.6940
0.4775
0.8973
0.6440
0.6022
0.9791
0.3369
0.0343
0.5268
0.2671
0.9078
0.7100
0.6998
0.5321
0.2638
0.9260
0.1078
0.3842
0.9706
0.9396
0.0581
0.7425
0.1208
0.7396
0.1857
0.3974
0.3360
0.6807
0.8133
0.8698
0.9337
0.1523
0.7876
0.1881
0.6445
0.9522
0.6501
0.4920
0.5488
0.2347
0.7613
0.7946
0.9718
0.9940
0.9138
0.4561
0.0023
0.5719
0.1278
0.1548
0.8276
0.4303
0.3204
0.0098
0.8813
0.7453
0.1764
0.0030
0.1649
0.9007
0.4251
0.3605
0.1953
0.1030
0.8823
0.2786
0.4121
0.8343
0.3225
0.1966
0.7561
0.4510
0.1003
0.1702
0.2718
0.8620
0.2650
0.6172
0.3416
0.7515
0.2039
0.5116
0.3061
0.1323
0.0216
0.6166
0.4850
0.7093
0.0759
0.5369
0.9340
0.6760
0.5991
0.5861
0.6479
0.3115
0.7647
0.3558
0.9650
0.3160
0.9377
0.4387
0.9148
0.7277
0.2043
0.1063
0.2338
0.9497
0.5041
0.3725
0.4161
0.1069
0.3611
0.8818
0.9116
0.0350
0.1349
0.5425
0.0709
0.1915
0.7088
0.3735
0.5986
0.8173
0.9689
0.2503
0.4194
0.0856
0.1498
0.8803
0.1438
0.2862
0.9974
0.5849
0.1776
0.8805
0.1717
0.3175
0.5458
0.4039
0.3407
0.4185
0.0692
0.4120
0.9273
0.5101
0.0222
0.0818
0.3569
0.9273
0.5683
0.2735
0.5960
0.9953
0.5764
0.9321
0.3994
0.5773
0.5826
0.6052
0.4070
0.9367
0.7744
0.5092
0.8551
0.8556
0.9129
0.1602
0.5330
0.9927
0.2244
0.5057
0.8986
0.9693
0.3381
0.4985
0.1689
0.3512
0.5669
0.7211
0.8718
0.7242
0.3421
0.1854
0.1781
0.9878
0.4499
0.5691
0.9859
0.3810
0.1781
0.0675
0.7921
0.5214
0.0129
0.9472
0.2103
0.7702
0.9248
0.5277
0.4828
0.7547
0.6875
0.2374
0.1037
0.5698
0.1270
0.3777
0.5536
0.0092
0.9604
0.1497
0.5322
0.5648
0.8255
0.5295
0.1238
0.4616
0.9210
0.0518
0.2877
0.1043
0.0761
0.0369
0.0211
0.3556
0.5730
0.3428
0.2746
0.5622
0.9076
0.3498
0.0762
0.3168
0.5508
0.0700
0.8413
0.5389
0.0236
0.2904
0.6808
0.6436
0.9769
0.9294
0.5309
0.8002
0.4944
0.8894
0.5618
0.7479
0.3057
0.0388
0.8261
0.2696
0.9623
0.9331
0.9022
0.7826
0.7848
0.9979
0.2192
0.7972
0.4322
0.1335
0.6837
0.0988
0.1385
0.7817
0.2684
0.3582
0.4934
0.0397
0.3399
0.9869
0.6801
0.9640
0.0652
0.3570
0.6647
0.6080
0.4055
0.8194
0.1079
0.5772
0.9137
0.5572
0.6545
0.4608
0.2838
0.2056
0.6850
0.1280
0.0286
0.2216
0.4328
0.6846
0.4912
0.1663
0.2404
0.4442
0.5643
0.3479
0.7163
0.2233
0.1645
0.9803
0.5839
0.9978
0.0259
0.1341
0.8336
0.3035
0.6587
0.5454
0.8221
0.9677
0.0308
0.3894
0.9038
0.5374
0.9237
0.0680
0.2957
0.8015
0.7411
0.9334
0.3582
0.9970
0.1341
0.2558
0.2946
0.9679
0.1095
0.8537
0.0979
0.2576
0.1933
0.2838
0.3951
0.2010
0.1515
0.4454
0.1866
0.7444
0.5032
0.5030
0.5042
0.3120
0.5872
0.3030
0.6087
0.1941
0.8303
0.9213
0.2825
0.4243
0.0071
0.4905
0.6457
0.7658
0.1158
0.5705
0.4218
0.8532
0.6054
0.3002
0.7685
0.5108
0.9276
0.6812
0.5326
0.4334
0.6299
0.8337
0.3919
0.6313
0.3704
0.5543
0.8943
0.3974
0.0686
0.0372
0.4040
0.9495
0.3831
0.2082
0.5767
0.9951
0.6730
0.1970
0.0110
0.4431
0.6008
0.9304
0.3326
0.6194
0.3220
0.3153
0.0896
0.6416
0.5123
0.0666
0.2697
0.2749
0.2047
0.8764
0.9745
0.6226
0.9441
0.4361
0.6398
0.8260
0.7538
0.6682
0.8928
0.7655
0.1822
0.9050
0.0923
0.1065
0.8550
0.7530
0.4261
0.0017
0.4191
0.6420
0.4030
0.7545
0.2834
0.4296
0.0662
0.9381
0.7888
0.8471
0.9308
0.8640
0.1442
0.4600
0.1625
0.6873
0.5345
0.0521
0.7519
0.5205
0.0888
0.4341
0.8607
0.6430
0.9448
0.8712
0.9287
0.5232
0.1170
0.3593
0.1320
0.7458
0.3408
0.7670
0.7180
0.9705
0.2972
0.1790
0.3101
0.5346
0.0440
0.9733
0.9019
0.3901
0.6578
0.7343
0.5368
0.5897
0.7754
0.6953
0.1629
0.9847
0.1480
0.0120
0.5063
0.0303
0.3080
0.6166
0.5536
0.6663
0.5121
0.1759
0.6272
0.1054
0.9963
0.7138
0.9164
0.3333
0.9402
0.5889
0.2756
0.8363
0.2191
0.7066
0.9481
0.4199
0.2978
0.2193
0.7567
0.1033
0.1625
0.1586
0.5202
0.6444
0.0988
0.9481
0.8143
0.8071
0.4026
0.1576
0.6211
0.2082
0.1424
0.0983
0.1323
0.5323
0.3419
0.2895
0.3753
0.4716
0.3431
0.3610
0.6625
0.9084
0.6401
0.1813
0.1057
0.5869
0.7269
0.6964
0.1079
0.2845
0.8987
0.1680
0.5747
0.7980
0.7200
0.8168
0.2328
0.7453
0.2060
0.2065
0.5261
0.5524
0.7694
0.0358
0.9477
0.6075
0.5794
0.2263
0.3431
0.5571
0.9722
0.3267
0.7411
0.7040
0.0067
0.5942
0.2401
0.0582
0.7596
0.3660
0.2580
0.9028
0.2354
0.7887
0.5005
0.6122
0.5330
0.0958
0.5429
0.6126
0.0309
0.2553
0.9524
0.9969
0.5675
0.2505
0.4064
0.4602
0.5770
0.8193
0.1746
0.9171
0.5658
0.4096
0.1895
0.0922
0.9784
0.1071
0.3229
0.9026
0.9107
0.2808
0.9004
0.2584
0.9069
0.4427
0.3766
0.9067
0.6608
0.0858
0.2195
0.6098
0.1918
0.4726
0.1255
0.6882
0.3286
0.5750
0.2488
0.9472
0.2915
0.1400
0.4886
0.3327
0.6015
0.7230
0.3758
0.1353
0.3127
0.3083
0.4154
0.9774
0.1163
0.3058
0.6986
0.7379
0.2387
0.6712
0.5590
0.1752
0.0174
0.4863
0.3462
0.1134
0.1073
0.8086
0.1503
0.6181
0.7553
0.5825
0.7902
0.7721
0.0105
0.3165
0.4057
0.2918
0.8638
0.3018
0.7391
0.5635
0.2023
0.7135
0.9786
0.6835
0.9663
0.3335
0.4848
0.6393
0.8652
0.6209
0.9278
0.1478
0.6750
0.1569
0.4131
0.0048
0.0247
0.3899
0.6906
0.9027
0.3131
0.9009
0.9209
0.2143
0.7798
0.6655
0.5779
0.9892
0.7558
0.6068
0.2414
0.5156
0.0528
0.3891
0.8551
0.3573
0.8608
0.0193
0.8002
0.2480
0.8535
0.7322
0.4075
0.7083
0.6321
0.6608
0.0723
0.1599
0.8258
0.6518
0.6245
0.5238
0.4069
0.6623
0.7599
0.2504
0.9602
0.3744
0.5578
0.6129
0.5297
0.6137
0.7345
0.4461
0.3567
0.9782
0.5729
0.2972
0.6174
0.1739
0.5068
0.1038
0.7144
0.1381
0.3836
0.9343
0.6694
0.8852
0.1840
0.5042
0.8059
0.8637
0.9536
0.4769
0.9354
0.6831
0.6652
0.7766
0.6242
0.3330
0.8338
0.9278
0.6313
0.4507
0.5742
0.9812
0.1814
0.9850
0.3584
0.3223
0.1398
0.4941
0.9155
0.5757
0.4244
0.0998
0.3087
0.9757
0.5629
0.9822
0.1327
0.1507
0.4166
0.6937
0.0369
0.1721
0.5373
0.4765
0.2606
0.4737
0.8360
0.9073
0.8244
0.1429
0.3421
0.8212
0.7041
0.0277
0.3506
0.7046
0.7877
0.7725
0.1419
0.7280
0.9344
0.6743
0.6956
0.0837
0.8797
0.0442
0.8039
0.4157
0.9923
0.8677
0.2851
0.8915
0.8217
0.5460
0.6105
0.3631
0.1612
0.6224
0.1646
0.6233
0.4726
0.3127
0.8660
0.4830
0.7196
0.1962
0.7945
0.7000
0.4474
0.3155
0.8669
0.7884
0.1562
0.4862
0.8087
0.9513
0.8298
0.7631
0.8956
0.1284
0.4923
0.1186
0.1902
0.5540
0.6734
0.0331
0.0955
0.3541
0.2709
0.3075
0.8432
0.6334
0.3964
0.4547
0.6340
0.6415
0.6301
0.2835
0.0501
0.9671
0.7469
0.3562
0.2843
0.9688
0.0040
0.8835
0.3196
0.8509
0.1821
0.5619
0.9974
0.7279
0.5358
0.0862
0.5208
0.2877
0.4121
0.4690
0.0253
0.4515
0.5243
0.8864
0.3245
0.4287
0.8317
0.6226
0.3303
0.0487
0.0417
0.4069
0.4557
0.1659
0.2354
0.8816
0.9169
0.6315
0.1341
0.3712
0.0584
0.8392
0.5161
0.0835
0.6024
0.8267
0.8319
0.5825
0.7324
0.4815
0.5648
0.4823
0.6608
0.5697
0.0754
0.5200
0.4973
0.0675
0.2430
0.0445
0.1734
0.4115
0.1646
0.8162
0.9811
0.2235
0.1365
0.6108
0.5317
0.1465
0.2364
0.0987
0.9121
0.2716
0.6037
0.4160
0.0057
0.4692
0.2957
0.9011
0.1425
0.6368
0.2160
0.6871
0.1149
0.1416
0.2175
0.1792
0.6680
0.8014
0.9346
0.9511
0.7314
0.3831
0.4715
0.9901
0.5811
0.8090
0.3924
0.0916
0.7245
0.0162
0.0292
0.1970
0.4633
0.1253
0.9409
0.5622
0.0584
0.9205
0.2081
0.4653
0.2699
0.6516
0.7741
0.7417
0.4658
0.4605
0.1095
0.4352
0.5239
0.8293
0.9652
0.3688
0.6672
0.7941
0.8813
0.3444
0.6768
0.9230
0.5455
0.3873
0.6872
0.3356
0.5268
0.4798
0.3781
0.3345
0.2606
0.1042
0.6265
0.4016
0.1114
0.3042
0.6534
0.8317
0.7933
0.2956
0.6033
0.9722
0.4501
0.9464
0.6591
0.2031
0.7585
0.0299
0.7420
0.5234
0.4534
0.4242
0.7007
0.4529
0.3988
0.0715
0.0549
0.5338
0.6120
0.5313
0.8416
0.1031
0.4063
0.1147
0.5309
0.2033
0.3803
0.9961
0.8208
0.2699
0.4369
0.1082
0.0501
0.1944
0.0498
0.8318
0.5784
0.4455
0.7943
0.2770
0.5677
0.6038
0.3699
0.0979
0.8903
0.1875
0.6754
0.9772
0.4774
0.6733
0.9459
0.5065
0.7235
0.2789
0.2523
0.6366
0.7939
0.3320
0.9320
0.7404
0.4033
0.3798
0.8061
0.8620
0.1807
0.0979
0.3033
0.1254
0.6128
0.2328
0.5749
0.8922
0.1001
0.9793
0.7496
0.6620
0.6610
0.9129
0.8486
0.2033
0.4245
0.2996
0.2244
0.7327
0.6473
0.2216
0.4331
0.9567
0.2359
0.7586
0.2379
0.4183
0.6218
0.7369
0.0750
0.0319
0.5051
0.4899
0.2917
0.9467
0.9275
0.6594
0.2420
0.4432
0.0456
0.7201
0.4848
0.9353
0.4363
0.9256
0.7262
0.3295
0.9871
0.8159
0.0821
0.0778
0.3149
0.4113
0.8778
0.4693
0.5786
0.3927
0.2307
0.2373
0.9605
0.8884
0.5855
0.9749
0.7979
0.4795
0.8589
0.2674
0.9623
0.1851
0.4106
0.0280
0.4260
0.6624
0.7175
0.4535
0.3334
0.6345
0.3845
0.6875
0.8802
0.6035
0.2150
0.0179
0.5134
0.1453
0.7498
0.2600
0.2326
0.0995
0.0998
0.7530
0.2324
0.1417
0.2343
0.3435
0.0088
0.7339
0.5872
0.0140
0.2502
0.5207
0.9878
0.2774
0.1181
0.6181
0.0632
0.1900
0.2937
0.1041
0.7763
0.6664
0.8857
0.2116
0.4472
0.6994
0.7599
0.9730
0.6738
0.3393
0.4848
0.9518
0.3929
0.8689
0.3738
0.0574
0.7900
0.2179
0.0336
0.5456
0.8379
0.2272
0.4390
0.4073
0.1167
0.8707
0.8162
0.6603
0.9278
0.9194
0.4709
0.8511
0.9736
0.4752
0.5733
0.9479
0.4015
0.8789
0.1136
0.0772
0.6561
0.3130
0.7901
0.2586
0.9919
0.8467
0.6169
0.9902
0.4811
0.5035
0.7089
0.6074
0.0856
0.4884
0.5005
0.2410
0.7332
0.7592
0.4071
0.9847
0.8636
0.0166
0.7883
0.0713
0.5570
0.7886
0.5138
0.0478
0.2872
0.2659
0.5914
0.0055
0.0570
0.3619
0.7503
0.0647
0.6318
0.8362
0.5517
0.5726
0.4923
0.6004
0.4173
0.0534
0.5905
0.4648
0.3130
0.1271
0.0556
0.0195
0.0176
0.6939
0.7737
0.6141
0.7875
0.4816
0.2154
0.2699
0.6437
0.8000
0.7991
0.9163
0.9985
0.6606
0.1478
0.3572
0.9173
0.8803
0.6169
0.7437
0.9634
0.7815
0.6906
0.1640
0.4290
0.8312
0.4818
0.4848
0.6356
0.8075
0.0766
0.2477
0.7515
0.8671
0.8642
0.1515
0.0998
0.3166
0.8474
0.3105
0.9504
0.1766
0.4691
0.2304
0.9022
0.2833
0.6935
0.9081
0.2978
0.0770
0.5818
0.6601
0.3235
0.7735
0.2761
0.2265
0.8051
0.2706
0.9857
0.7395
0.9512
0.3467
0.6014
0.8839
0.7255
0.6754
0.2466
0.6387
0.5181
0.3685
0.9895
0.7232
0.8086
0.4639
0.8080
0.2289
0.4379
0.8878
0.4947
0.6950
0.2294
0.9842
0.2866
0.9822
0.2966
0.0847
0.6285
0.6778
0.8812
0.1705
0.6621
0.5287
0.4191
0.7487
0.4630
0.3222
0.7871
0.1403
0.3343
0.4882
0.1393
0.9224
0.3965
0.1172
0.2717
0.7680
0.9564
0.6398
0.2603
0.1463
0.4688
0.5524
0.4297
0.1663
0.0417
0.0832
0.5117
0.0311
0.6683
0.6557
0.0108
0.2640
0.9820
0.0145
0.6668
0.4691
0.4087
0.5743
0.3784
0.3968
0.8488
0.5835
0.6210
0.9849
0.2506
0.9031
0.3276
0.5548
0.0957
0.0334
0.1839
0.8381
0.2141
0.0694
0.4218
0.1752
0.0774
0.9203
0.3807
0.4878
0.4930
0.9984
0.4659
0.9488
0.8196
0.7239
0.1248
0.5336
0.6071
0.3225
0.6819
0.9102
0.0208
0.3364
0.0955
0.0615
0.1968
0.5017
0.7905
0.7414
0.3312
0.0762
0.4729
0.1146
0.5065
0.4586
0.5533
0.0425
0.1543
0.3199
0.9693
0.0532
0.2130
0.5562
0.6297
0.2266
0.0190
0.1794
0.5812
0.1399
0.1061
0.2522
0.3944
0.2750
0.8374
0.2633
0.5513
0.8659
0.2474
0.5440
0.6565
0.9744
0.5329
0.0561
0.8043
0.0911
0.2833
0.0298
0.9696
0.8344
0.8201
0.4926
0.0354
0.9949
0.0026
0.8876
0.5930
0.4791
0.8844
0.7933
0.4371
0.6291
0.9162
0.6172
0.4321
0.0734
0.2439
0.2381
0.9527
0.5246
0.6482
0.2740
0.0428
0.8680
0.8904
0.3670
0.2297
0.9248
0.7680
0.9217
0.6042
0.9373
0.5167
0.8856
0.1469
0.6624
0.9675
0.9245
0.3334
0.8276
0.8604
0.2489
0.6015
0.6783
0.6876
0.5205
0.4721
0.3049
0.8657
0.5032
0.3895
0.2050
0.5920
0.6653
0.2169
0.9137
0.6190
0.2191
0.1713
0.1796
0.3998
0.6328
0.2339
0.0814
0.7544
0.6637
0.7347
0.1946
0.7943
0.9425
0.3089
0.7377
0.7323
0.5211
0.0898
0.2355
0.5845
0.4624
0.1894
0.6017
0.6096
0.4457
0.9470
0.8885
0.0263
0.7495
0.0842
0.3647
0.4915
0.3687
0.4116
0.3615
0.3756
0.9424
0.1630
0.8077
0.9403
0.1371
0.5995
0.3930
0.8698
0.6457
0.0005
0.1219
0.0802
0.7116
0.7122
0.0550
0.3290
0.5882
0.8718
0.9593
0.1440
0.1203
0.7587
0.4996
0.8008
0.3781
0.3323
0.0664
0.6670
0.7599
0.1679
0.6258
0.4934
0.4798
0.6786
0.4745
0.2226
0.3574
0.3801
0.6428
0.3818
0.9124
0.0395
0.5236
0.2932
0.6782
0.7540
0.4791
0.8250
0.7441
0.0702
0.2845
0.7235
0.3132
0.2956
0.8551
0.0400
0.5606
0.4746
0.6565
0.4923
0.3578
0.3367
0.2629
0.7194
0.1656
0.9788
0.7946
0.0987
0.5021
0.1613
0.2495
0.5542
0.9427
0.7644
0.5091
0.8354
0.2228
0.5144
0.1142
0.5603
0.0061
0.5101
0.8576
0.7438
0.9812
0.0591
0.5027
0.1130
0.5626
0.8310
0.1048
0.2586
0.8818
0.5859
0.2656
0.0344
0.7148
0.3225
0.9258
0.2048
0.3641
0.7526
0.2217
0.3293
0.6635
0.5475
0.2774
0.1035
0.3217
0.0587
0.4541
0.2548
0.8017
0.8377
0.7671
0.7248
0.8932
0.2739
0.2146
0.6803
0.2260
0.1111
0.3529
0.6086
0.3511
0.6945
0.8415
0.3722
0.8940
0.3882
0.7400
0.9502
0.8525
0.0094
0.0610
0.0066
0.0626
0.2369
0.4919
0.5699
0.2420
0.1678
0.1036
0.6532
0.6020
0.7104
0.5978
0.1609
0.1527
0.9682
0.7653
0.0832
0.0298
0.3101
0.2893
0.5788
0.3429
0.4313
0.4088
0.9711
0.7076
0.3369
0.8822
0.1864
0.2574
0.2542
0.5742
0.2886
0.3775
0.1646
0.0456
0.6999
0.1624
0.8488
0.6360
0.4457
0.6834
0.5401
0.1071
0.8569
0.7441
0.5986
0.6173
0.6443
0.0128
0.6445
0.0953
0.3351
0.0871
0.1435
0.9680
0.0144
0.4199
0.0744
0.6367
0.3918
0.2015
0.6071
0.5678
0.5749
0.2111
0.1847
0.1108
0.3996
0.9451
0.2573
0.3472
0.6284
0.1071
0.6712
0.5362
0.3172
0.3848
0.7221
0.5593
0.5858
0.5260
0.5383
0.3963
0.4557
0.2937
0.2812
0.2286
0.6712
0.9087
0.6690
0.6589
0.8842
0.9074
0.8935
0.3379
0.1553
0.7812
0.8500
0.9293
0.4499
0.0847
0.4236
0.9977
0.9825
0.6600
0.4810
0.1090
0.3662
0.9074
0.8503
0.7069
0.2384
0.6705
0.9411
0.7710
0.8317
0.6923
0.2867
0.0530
0.3935
0.8757
0.9164
0.9198
0.6481
0.4199
0.2465
0.9955
0.5815
0.1686
0.2825
0.8107
0.1872
0.7422
0.9278
0.2413
0.2098
0.0637
0.5406
0.1089
0.0032
0.6811
0.7452
0.7912
0.0247
0.2202
0.9894
0.4906
0.6417
0.5334
0.6650
0.2926
0.0991
0.5857
0.7223
0.2553
0.2017
0.4236
0.2433
0.6260
0.2730
0.5379
0.5760
0.6422
0.3103
0.2806
0.1657
0.7779
0.3749
0.9715
0.8233
0.8407
0.3769
0.9743
0.2890
0.4021
0.5639
0.7764
0.9115
0.7852
0.0853
0.1891
0.3610
0.3565
0.8519
0.6837
0.1556
0.4852
0.5677
0.2254
0.3384
0.0493
0.2767
0.4604
0.8837
0.5214
0.6667
0.3059
0.5210
0.9920
0.9024
0.9553
0.7569
0.2040
0.7407
0.0293
0.4061
0.2427
0.3632
0.8382
0.0195
0.2906
0.3161
0.6124
0.0111
0.6207
0.6255
0.7433
0.0640
0.8066
0.6620
0.4332
0.4912
0.9035
0.3438
0.8698
0.8263
0.1757
0.9033
0.6165
0.0570
0.9709
0.3119
0.9194
0.0231
0.7210
0.3731
0.9860
0.1825
0.6163
0.9663
0.8276
0.2218
0.6072
0.0378
0.0153
0.5030
0.8400
0.3102
0.1577
0.4688
0.3563
0.9219
0.6261
0.8566
0.6076
0.8232
0.8155
0.3587
0.8030
0.1688
0.9998
0.8033
0.2260
0.7932
0.4744
0.8473
0.3389
0.0538
0.9120
0.4354
0.9864
0.8435
0.6444
0.4052
0.4381
0.2836
0.6969
0.4051
0.0859
0.2975
0.6055
0.9157
0.7988
0.0610
0.0433
0.0652
0.5316
0.3952
0.7590
0.7044
0.0404
0.1176
0.7023
0.6380
0.7118
0.1661
0.9482
0.0662
0.9620
0.9116
0.3623
0.5354
0.1311
0.1817
0.2864
0.2552
0.0414
0.9883
0.8823
0.1494
0.4515
0.3300
0.6713
0.1640
0.4927
0.4550
0.1274
0.3849
0.8236
0.5771
0.5469
0.0435
0.0095
0.6403
0.5604
0.0503
0.0242
0.0241
0.3986
0.4665
0.4164
0.0407
0.7944
0.9278
0.4336
0.4027
0.0402
0.6731
0.9440
0.0837
0.9072
0.4839
0.3225
0.2281
0.3767
0.1608
0.3451
0.6818
0.7764
0.6078
0.9598
0.3620
0.2964
0.4221
0.0207
0.8529
0.3609
0.3532
0.2481
0.3580
0.3904
0.7074
0.7616
0.6578
0.8547
0.0679
0.6035
0.5358
0.6167
0.2243
0.3640
0.6494
0.1739
0.4141
0.3476
0.4862
0.8326
0.4822
0.2392
0.3634
0.3388
0.3782
0.8357
0.0378
0.8054
0.4623
0.0862
0.1773
0.6399
0.5509
0.3835
0.2606
0.3029
0.1886
0.6944
0.8511
0.4230
0.7374
0.7398
0.4777
0.0303
0.0322
0.1684
0.8457
0.1448
0.4129
0.0242
0.2314
0.9839
0.6289
0.5223
0.0695
0.7936
0.8374
0.5441
0.1081
0.3441
0.9229
0.1745
0.3492
0.3382
0.1094
0.8705
0.5751
0.8230
0.8336
0.5929
0.5504
0.8851
0.2825
0.7557
0.7853
0.4795
0.1308
0.2627
0.3383
0.0762
0.0599
0.8952
0.3312
0.3388
0.7709
0.7041
0.5499
0.3627
0.5544
0.7480
0.3508
0.1946
0.8025
0.2906
0.5031
0.4779
0.1172
0.2158
0.3137
0.0339
0.9481
0.5104
0.7267
0.3160
0.5504
0.4466
0.2834
0.6268
0.4029
0.7743
0.0786
0.7282
0.0931
0.0707
0.6069
0.8586
0.6255
0.2728
0.0283
0.4166
0.5432
0.0271
0.0871
0.3822
0.6053
0.9662
0.3457
0.0726
0.6276
0.1942
0.0560
0.6758
0.2311
0.1617
0.8690
0.2740
0.3650
0.6460
0.6148
0.3499
0.5977
0.7067
0.4637
0.9624
0.4678
0.0744
0.7522
0.9747
0.1624
0.4143
0.4138
0.2723
0.6377
0.0629
0.7169
0.0696
0.3821
0.9465
0.9546
0.8583
0.6578
0.8113
0.0422
0.6210
0.1917
0.9668
0.8886
0.1267
0.7280
0.6918
0.1516
0.2111
0.9320
0.4067
0.0121
0.8283
0.7750
0.9456
0.4690
0.9919
0.8523
0.6915
0.7702
0.2864
0.9807
0.9306
0.4807
0.1624
0.6033
0.6708
0.2997
0.1103
0.7034
0.7001
0.3897
0.9749
0.2424
0.7087
0.9142
0.6222
0.5716
0.5427
0.0438
0.1416
0.7980
0.3079
0.2654
0.7249
0.9409
0.8596
0.6188
0.9907
0.9944
0.1175
0.5555
0.6734
0.4868
0.6279
0.3825
0.3102
0.1147
0.8401
0.9422
0.2114
0.2381
0.6800
0.3128
0.6509
0.0207
0.8250
0.5547
0.5726
0.9189
0.2255
0.1954
0.1736
0.9994
0.5156
0.3353
0.0401
0.5842
0.0285
0.5917
0.4990
0.6023
0.3363
0.6970
0.2317
0.5253
0.6639
0.3147
0.4352
0.7627
0.1004
0.0154
0.1850
0.9791
0.9741
0.3340
0.8001
0.1838
0.4732
0.9805
0.2642
0.1449
0.5453
0.0712
0.1934
0.6453
0.4365
0.4251
0.7390
0.1604
0.1363
0.6902
0.4397
0.2594
0.3242
0.1869
0.0928
0.5834
0.0868
0.2485
0.4180
0.1577
0.5111
0.9279
0.4448
0.1337
0.1192
0.6607
0.0943
0.4369
0.3475
0.2638
0.9013
0.1394
0.2031
0.7347
0.1022
0.9462
0.0199
0.8573
0.5543
0.8478
0.4585
0.4451
0.8845
0.3609
0.2572
0.5437
0.9357
0.4406
0.1242
0.6328
0.1854
0.1770
0.9344
0.8750
0.5439
0.0148
0.2148
0.6488
0.8636
