4.0849
5.6564
6.7958
7.7863
10.4696
3.0176
3.2213
4.5158
6.5726
6.7649
8.4701
10.4195
14.5711
8.8470
10.3348
2.9393
2.8624
3.2411
4.0261
3.8955
3.0273
3.3902
5.7093
7.4294
7.6025
1.7789
2.6584
4.7394
5.4310
10.0341
10.0001
10.2574
14.1432
24.9285
20.0712
4.5226
5.8123
9.0596
11.7211
12.9193
6.8637
10.8008
12.1565
13.8527
14.7336
3.0532
3.5194
9.0051
13.0235
10.4385
3.3665
3.9859
7.1700
9.9794
11.4838
3.9963
6.7598
5.9678
8.8604
6.1104
3.2882
4.8097
8.6947
9.2942
7.1638
1.4690
1.4726
1.7142
1.6777
1.9983
1.5913
1.4103
1.5878
1.3020
1.2349
9.7688
7.6351
6.7564
7.2430
4.6843
11.0558
11.8214
6.2406
9.5928
8.3898
2.8913
3.1272
2.9653
3.0623
2.9578
3.5426
5.3163
6.4831
7.9042
8.7433
3.2824
3.4389
4.0485
6.6396
10.2622
5.9364
8.8160
8.8513
10.6796
9.4904
7.0163
8.4144
14.6834
13.9076
10.5341
3.1695
4.1980
5.0198
6.2559
11.4457
4.5665
9.6133
9.2165
10.8916
12.8326
8.6213
16.4493
22.5749
21.0372
22.4959
3.3781
3.9074
7.2615
16.8089
21.9692
22.0661
29.5467
23.7349
21.3654
18.8161
3.3324
3.1727
3.4050
4.3960
6.5013
3.4217
3.7712
9.9402
23.9296
19.8989
2.1980
2.4975
5.7601
7.9208
11.2041
54.9027
10.7634
14.5405
7.7365
25.7912
3.6294
4.3233
10.5007
9.6855
18.1816
7.5807
15.9760
16.1662
17.2751
20.2825
3.4037
4.4083
19.4666
18.3926
14.2303
5.3382
18.0838
25.9801
18.5737
12.1175
2.9925
7.8694
19.7471
28.1011
18.3936
23.9720
13.0224
22.9179
19.7511
11.1449
5.4293
1.6600
2.6130
2.5435
3.9066
1.7822
1.5089
2.1180
1.3794
1.0714
16.7870
33.4608
8.3425
8.3250
26.9808
7.5898
18.6859
11.3043
36.2030
39.5758
3.5843
3.6782
3.6174
3.4491
3.6260
6.2833
9.5481
19.1987
22.2666
21.8503
3.7446
12.3430
31.8875
28.5405
20.5358
18.2586
25.0878
25.9511
25.3162
17.6053
7.2037
10.9276
6.1219
16.6947
6.3735
5.0737
8.3005
15.1387
16.7458
22.0096
11.0211
17.9820
18.6707
19.9250
12.8522
5.4246
8.3155
15.5573
12.8029
14.2758
4.2203
4.4361
5.4486
9.8193
11.9689
20.1523
15.6157
23.5061
13.4292
16.8427
6.4591
5.0102
5.3377
5.4268
5.8969
4.0689
5.0081
6.4197
10.9319
13.1245
2.8341
2.8089
8.2734
11.2051
11.1800
35.2493
13.7710
13.4141
30.6857
28.5584
4.7209
7.8307
8.9774
10.8473
12.1158
11.5209
12.3846
18.5494
21.0239
24.4682
6.4388
6.6545
20.5878
45.3957
67.7819
9.0773
16.5014
28.7108
17.4501
22.6549
5.8841
8.1449
10.2392
10.1824
10.1642
5.5531
18.6223
7.9363
15.8189
17.7186
3.2778
1.7402
3.5271
3.1394
3.0816
1.9320
1.6096
1.4665
1.5008
1.3340
13.7012
14.8903
14.1770
12.3985
19.7091
16.2767
16.1644
18.8327
22.9715
45.4352
4.7510
4.5879
4.3680
4.6017
4.6029
7.2223
8.6860
9.9855
15.4751
17.2111
9.5069
17.9682
42.6028
79.3264
22.5607
13.2691
17.3814
14.6867
18.0084
17.0966
6.7229
6.8245
12.3559
18.5612
21.1437
5.7159
8.9701
12.9173
13.4354
14.8004
11.1211
14.6873
20.7970
26.4272
23.2581
5.7360
9.4821
13.7694
16.0645
12.5068
3.8669
4.0138
6.0987
9.5099
16.5036
21.1432
18.2635
16.3328
15.3730
15.8739
3.9191
3.7350
4.3840
4.6128
5.5916
3.6848
3.9591
7.8197
13.5311
9.6878
2.0900
3.6399
2.9631
6.8599
8.0494
13.9682
22.4061
18.8608
19.0286
11.7599
4.4071
4.6166
8.4861
11.9003
15.9863
8.4472
14.2589
16.0812
18.0132
15.4674
4.3725
5.1955
16.4862
21.0550
35.0617
12.7678
19.1833
19.8792
18.0735
20.7819
4.9588
7.4973
14.9569
11.8054
17.5409
13.1092
18.9754
17.0160
23.6211
15.3183
5.6278
1.5126
2.0532
2.6602
3.2701
1.8495
2.6095
2.5891
2.4898
1.0781
11.2987
13.4118
11.3809
8.5912
10.4031
21.2502
14.9514
15.3754
35.2041
12.4706
3.9378
3.8512
4.0661
3.9701
4.0977
4.7676
6.2006
12.1408
14.9051
14.7430
5.0369
15.4836
22.6543
21.2946
16.0215
12.6210
17.4082
15.7204
16.8135
10.9103
6.3359
8.4624
13.4450
11.2982
6.0256
5.7434
13.7657
13.0684
14.5608
22.9832
12.1249
14.9971
27.0407
18.6879
17.7102
4.8766
10.4576
16.0123
14.7088
15.8998
3.2515
3.4495
5.2155
12.4068
16.6981
16.2461
19.7122
18.0288
22.1096
19.2519
3.4460
3.6194
4.5814
5.4904
9.6585
4.1466
3.7800
9.5233
12.0140
12.5886
2.1733
4.5234
6.8640
10.1474
18.0903
10.5171
22.1802
21.8271
20.8311
14.0170
4.0406
7.3636
16.1150
19.0278
15.9356
8.3296
15.3785
18.5505
16.4729
13.2966
3.5245
4.6494
16.9842
21.7805
19.0168
3.5727
4.2470
13.1633
20.9253
19.5215
3.4562
3.1333
4.6244
7.1796
14.7176
9.3690
3.1300
22.8894
15.3434
15.2071
1.9472
1.4054
1.7344
2.8748
2.6091
1.8270
1.4796
1.7198
1.2096
1.0824
9.4586
13.7493
8.1297
9.2221
6.6823
13.6568
18.2305
18.0255
13.9476
27.6976
3.3034
3.2949
3.4765
3.2985
3.3349
4.9748
6.3896
10.8931
10.5712
10.5776
3.4080
4.0383
8.9703
23.9643
18.9170
9.6419
15.9270
26.0779
22.8548
14.3744
4.2779
5.6499
10.2400
18.4717
12.5842
4.7129
5.4458
10.4359
8.7338
14.1642
6.2535
12.0040
21.3729
24.0430
16.4140
6.2744
6.3590
8.8934
12.3397
13.0999
6.1747
6.4854
5.9656
5.6006
11.8105
14.1009
12.8026
15.5883
14.0938
9.4535
3.1420
3.2026
3.2138
3.5818
3.6108
5.2932
3.9764
7.3609
12.6212
8.8741
1.9695
2.3468
3.1190
4.6942
7.6224
19.4583
20.9792
14.7130
24.1526
21.7627
3.4331
4.7324
8.4385
12.0567
11.7466
8.8452
10.8235
16.2780
15.7431
18.2873
3.3392
3.8309
6.8020
17.8827
13.2285
3.5739
4.2174
7.6038
14.5681
15.1567
5.6397
6.6442
4.6600
5.7023
7.4805
6.2892
6.1484
8.9147
11.2052
10.9818
1.7438
1.8456
1.6552
2.2535
2.7375
2.3372
2.0291
1.4213
1.4734
1.0828
6.8983
10.8459
5.5851
8.8917
6.9825
21.8126
10.9767
17.1550
12.3651
41.5394
2.8830
2.9277
2.9071
2.7419
2.7107
5.5252
5.5732
9.0092
11.6702
10.7255
4.4143
5.5657
7.5762
12.5121
12.0654
8.1153
8.3698
17.6699
13.4191
11.6744
5.6814
9.0729
13.3238
34.2433
16.2025
2.9655
3.3942
4.0155
4.9636
11.8610
7.8111
11.8705
14.2779
17.3846
19.1383
5.9885
9.6385
14.6043
16.3444
12.8358
6.7735
5.7555
5.7153
8.5983
17.7177
17.4768
19.9580
20.7670
16.4759
14.2256
6.2897
6.8864
7.4947
7.0760
8.2217
4.7323
4.6675
7.1310
13.5003
9.1662
2.0294
3.3535
6.5271
7.0692
10.4077
21.7958
37.0960
20.7596
40.3792
29.0527
7.8625
13.2030
14.9980
15.3801
15.5298
13.7829
17.4452
21.8610
18.2170
21.5828
8.9921
9.4446
17.4874
31.4709
42.6432
14.9280
23.0001
24.2807
21.2318
28.8999
6.6538
7.8606
11.6223
15.0739
12.8033
14.6675
16.2266
18.0212
14.4173
12.4244
2.2655
1.6947
1.8770
3.3933
2.6625
1.6182
1.3181
1.7760
1.7694
1.2755
34.7119
14.6985
8.1983
9.3535
8.7437
35.7775
16.7255
47.8485
22.6420
11.3598
6.7237
5.1344
7.0491
8.5739
6.8211
5.7327
6.7262
9.0926
12.3080
12.5449
7.3281
14.8367
21.3323
20.4414
21.9633
13.3253
15.9185
13.3248
12.7741
13.8059
6.4529
9.2060
11.1213
12.3790
23.5467
9.2335
11.5883
22.3858
18.7240
22.5977
11.5278
15.6352
24.0746
26.4487
25.8777
6.7298
7.3439
12.3216
14.7130
17.1772
3.1376
3.7870
6.4164
11.0592
11.9793
11.4545
13.9099
16.5573
16.6390
13.2656
3.2813
3.4087
4.4307
5.0427
5.6800
3.2425
3.5710
8.5522
11.8960
11.3142
2.3512
2.2574
4.5924
5.4892
10.8192
9.9561
21.5313
22.2931
18.2423
9.9250
6.1752
6.4606
11.7519
12.7675
14.5097
7.2199
14.5680
18.5960
19.3375
16.2842
3.4014
3.9335
18.2831
15.3159
15.3656
4.1171
5.3665
15.8034
18.0184
17.0559
3.2784
3.5346
3.8992
5.6511
6.3443
7.1655
15.3192
3.6922
13.7738
9.7869
1.4604
1.4356
1.8154
1.9619
2.5644
1.3645
1.3325
1.3215
1.3975
1.3085
7.9356
9.8470
7.1114
6.7213
6.4648
28.5915
9.1174
15.2662
10.1876
8.3179
3.0404
2.9792
3.2144
3.0626
3.3017
5.9636
7.5867
8.8357
13.8909
13.4129
3.4024
3.9548
6.7432
13.8414
17.8463
6.3748
13.5193
16.1403
11.7415
18.6595
5.2303
6.2912
17.0770
19.7640
16.6208
3.2082
5.3565
5.7517
8.0013
6.9746
5.2306
9.3642
16.1155
17.3371
16.6239
4.6920
11.4690
8.3974
16.2195
16.5222
3.7043
3.9768
5.7847
10.2969
10.3126
17.1405
16.6255
17.5631
16.0442
12.2338
3.7175
3.7255
4.0084
3.9823
4.7306
3.5609
4.3685
6.0148
13.4043
10.2220
2.7724
2.6631
4.1502
7.4231
11.9411
12.4480
15.4156
16.0596
11.5677
11.6896
5.6620
8.4692
8.3916
8.9920
10.4277
7.9090
8.6524
10.8156
10.8463
18.8438
4.1516
4.7575
12.0535
38.6716
49.1272
5.3924
10.2800
18.4380
17.6625
15.7139
3.0567
3.2098
5.3650
9.2519
7.6758
13.1247
16.8802
12.9052
13.7475
13.3134
2.7759
1.7154
1.7223
2.5910
3.7429
1.5007
1.3963
1.7235
1.1508
1.0648
10.1994
10.9222
6.3047
10.7499
8.4807
21.6530
9.1417
78.9314
24.5936
12.2461
3.8247
3.8745
3.8328
4.1912
3.6470
6.5223
10.6485
8.7201
16.6804
11.2854
4.4287
7.2990
12.7128
17.6872
15.3992
11.1368
12.7031
16.9168
16.5321
9.6473
6.3446
10.5652
7.2583
16.9261
7.9870
4.1727
5.2685
6.9021
8.7690
10.3892
6.8007
10.3747
11.6290
15.7920
14.6716
6.1200
9.9179
10.7330
10.2000
12.0984
5.3233
5.2510
5.8066
7.6489
10.1565
19.4442
12.2399
19.2476
15.8000
12.7939
5.4925
5.5099
5.7528
6.1568
6.0301
4.6665
4.7004
6.3174
9.7443
14.7733
2.1907
2.9758
3.5145
6.0741
7.2946
18.2356
27.0578
19.5954
16.1228
26.8640
6.3156
8.8465
14.0369
16.9681
16.7554
10.0195
16.2210
26.1848
20.1556
31.0887
6.6985
8.3250
18.0830
31.1352
16.8379
10.4243
17.3430
20.0955
26.5676
25.2955
5.0261
8.5335
9.9875
9.4081
15.9425
6.2216
19.1907
21.9833
15.5533
12.1601
5.2962
1.5953
1.8650
2.3857
2.5025
2.6572
1.4826
1.2053
1.2834
1.1845
11.6330
14.9615
5.8453
8.2192
5.8989
17.3678
9.9664
17.6878
9.4975
17.2358
4.8964
5.1387
4.9059
5.0569
5.5160
6.3745
7.8787
10.3641
13.0591
9.6852
5.6227
10.4427
17.7924
20.5712
15.8999
15.5700
12.1717
18.4526
13.0855
13.8861
7.3178
10.1554
15.1990
9.9669
18.8361
6.2463
9.5025
14.3275
19.7769
22.3585
9.0195
14.7372
20.2356
24.4357
23.9784
4.6539
8.8968
13.7669
15.3329
16.1081
3.9980
3.8775
5.4976
9.8308
16.6527
15.0187
14.5830
21.8500
12.8867
15.0527
3.8659
3.8921
4.0019
4.7929
8.8545
3.5613
4.1442
9.9844
10.5371
12.8719
2.2029
3.4546
5.0601
7.7561
11.5316
8.8479
14.1191
18.3174
22.0453
15.2178
3.7061
5.1378
12.1774
12.7551
13.5178
10.5593
11.4270
20.3297
16.2051
17.1045
4.6219
5.2013
13.8107
12.9801
14.4590
5.1027
8.3628
18.0258
14.9762
16.2743
3.6737
2.9887
6.6656
9.7400
13.9178
15.2786
10.0226
14.8368
16.2692
11.8434
2.6174
1.4172
2.0036
2.1371
2.3910
1.5530
1.3256
1.2634
1.2871
1.3674
9.9874
10.2224
8.8321
6.9103
6.3241
11.9059
11.2351
18.9386
11.9037
18.8832
3.4990
3.5150
3.3933
3.1897
3.2609
4.1348
4.2876
7.2415
11.2748
10.2803
4.2966
4.6455
10.2567
13.3995
16.5258
11.0774
20.7043
15.7646
14.6665
10.0326
5.7315
9.2208
12.8773
19.1342
16.8415
3.5519
5.0216
5.2519
12.0034
12.5017
5.7528
13.6862
16.9377
16.9311
21.6583
9.7069
11.8848
16.5490
22.3135
22.2408
4.8519
5.9241
7.9553
12.2806
19.4814
24.3996
19.9283
20.3678
18.5155
14.3558
3.4485
3.5219
3.9383
4.7253
5.5161
4.4948
4.9272
10.5941
16.4922
20.1908
2.1459
2.1323
5.7444
5.0987
10.2130
10.0999
14.3035
16.0073
29.9096
19.9813
4.6281
4.6006
7.5786
12.3048
14.4346
10.7792
12.2330
17.5902
18.1042
18.2870
4.0116
5.4847
13.7074
16.5160
15.9124
6.8670
15.1309
19.1807
20.7331
13.1647
3.2009
3.0485
9.2068
12.3347
13.7521
9.6139
18.9449
18.8878
20.6254
16.9508
3.9726
1.4123
1.8130
2.8156
2.3749
1.5377
1.4323
1.3679
1.1869
1.0915
15.0709
17.6523
7.9963
9.1656
12.0141
29.3228
16.1531
44.0042
19.2569
16.9087
3.5071
3.7558
3.3875
3.5683
3.4270
7.5783
11.7883
20.6067
19.6725
21.9098
5.3040
11.5101
27.0470
24.5545
21.8635
14.0297
23.7378
29.7696
30.4877
18.4654
7.7491
9.7542
10.1834
22.5931
32.4764
3.7416
6.3691
12.2501
11.9553
14.4293
9.0357
17.3912
19.0422
22.2679
20.3097
4.6287
8.4267
7.9202
14.6309
14.8359
3.2504
3.5376
5.6389
9.5432
9.6105
12.8623
13.4996
12.7477
13.8254
13.9915
3.1803
3.3400
3.3650
3.5810
4.6358
3.4231
3.5898
6.0059
11.9011
13.2806
1.9968
3.0612
5.0491
9.6538
11.0355
6.3673
13.3287
19.4053
16.5222
27.0019
3.6034
7.2153
11.4410
10.8931
11.2723
7.1903
12.5955
14.2513
10.2688
11.5063
3.3051
4.4397
10.2582
12.0156
13.0946
3.3254
3.4532
5.2855
14.8452
14.7180
2.9589
3.1979
3.6553
3.4405
4.8050
3.2924
3.6657
14.9790
9.3942
11.1529
1.4851
2.1101
1.7190
1.8353
2.1232
1.6198
1.3767
1.6824
1.2606
1.0852
7.3558
9.8728
6.3921
5.4267
5.6775
17.3460
8.6647
13.9245
14.3973
10.4960
3.0237
2.9749
3.0031
2.9858
2.9902
3.9700
4.8300
8.5822
9.5087
10.8164
3.4336
3.5983
3.8934
7.0492
13.7725
8.2187
13.2281
12.1428
14.2578
10.4871
7.0502
11.7855
16.2381
12.1388
29.5649
2.8751
3.0860
3.6628
4.2800
7.8265
4.6991
9.6446
15.4055
16.8074
17.9400
6.4077
15.3760
14.0317
17.5503
16.4002
3.2424
3.5144
5.3945
11.8064
14.9757
17.5011
20.2373
15.2302
14.9009
16.3031
3.3672
3.4126
3.4889
3.7838
4.5992
3.2815
3.7520
6.3813
15.1942
12.6200
1.8812
2.9907
6.2457
5.3723
7.8680
9.2058
10.8910
22.5292
17.7008
20.5502
4.5476
6.9386
11.5118
17.5963
10.5750
9.6882
11.4285
20.5247
16.6730
12.5315
3.4200
4.1570
14.4688
12.8969
16.5776
3.6313
5.2757
16.8146
18.9481
17.8438
4.1801
3.7117
3.9625
11.8910
11.6842
16.5512
6.6304
16.4486
19.3680
13.9382
2.1214
1.7472
2.0853
2.3394
2.5889
2.2516
1.6865
1.4246
1.2192
1.0495
7.9443
12.6378
7.8378
7.5830
6.1930
13.5262
16.2507
14.0309
18.8451
11.2600
3.4080
3.3874
3.1597
3.2247
3.4180
4.7266
9.1302
11.5089
11.5896
14.9976
3.5524
4.2506
8.4604
16.0141
14.0462
10.2965
21.0301
19.1774
18.9083
14.9504
4.0905
6.6006
8.6983
8.3617
17.2281
5.3110
6.7547
8.3371
6.3177
11.8543
4.8761
13.8614
16.8713
18.4444
21.4862
8.7598
10.5513
14.0257
22.5705
24.1503
7.3811
7.4407
7.6262
10.9785
13.4161
22.3546
21.4787
26.1920
18.3318
18.4849
4.0646
4.1621
4.3992
6.2763
9.2968
5.9293
6.6597
8.5899
18.1403
15.4561
3.4755
3.5636
6.7665
9.8882
12.4249
19.0236
15.0849
13.4746
21.5921
33.2579
4.1703
5.0468
8.5414
13.7040
12.5136
9.5206
11.8748
22.8730
25.5634
17.4685
4.7538
6.0028
14.3541
24.0301
15.8332
7.4792
18.9024
23.9941
20.6875
17.8894
6.2736
7.5720
12.6242
15.6360
16.4457
7.2851
22.6626
21.0398
19.4577
15.3934
4.3253
2.2158
3.6221
3.2960
3.2843
1.6965
1.7257
1.5169
1.4484
1.3045
11.6902
17.1005
7.8947
12.0085
7.8573
13.3732
12.7108
30.9578
10.7150
24.8699
3.2172
3.2865
3.4288
3.5374
3.6913
4.0242
5.2382
14.1264
11.5640
17.2958
9.2585
15.3194
23.4445
29.8016
27.3335
15.0067
23.3282
31.0203
16.1960
19.5290
8.2174
13.6257
14.8114
29.1922
35.6633
4.7410
8.5346
12.4515
11.4344
13.9686
11.9506
20.4514
20.2269
21.6200
20.2529
7.8191
10.3620
10.6238
13.0785
14.4963
7.3029
6.4407
6.2394
11.8000
12.6025
17.8694
20.3464
18.1437
15.2288
13.6752
8.4591
8.6879
8.8291
9.3982
8.9499
5.0445
4.6286
8.2327
13.9317
8.0682
3.5522
2.6693
3.5116
8.4915
9.7498
83.1216
78.7538
18.1903
27.9175
61.3139
8.1227
10.9001
15.7798
16.3038
26.5979
17.6615
24.0725
32.1226
30.1257
32.3352
11.2337
11.8843
18.8908
43.5041
62.4968
17.6937
27.5775
36.0828
55.0961
45.0219
8.4299
11.7749
16.2355
16.5775
17.7428
12.3910
17.1223
16.5384
13.9513
12.6155
5.4336
1.8251
2.1909
3.1606
2.5007
1.7561
1.5953
1.8336
1.2066
1.2324
27.9536
23.8199
7.3377
8.3345
7.5446
32.3486
37.3646
50.2127
26.5814
33.4656
5.8096
7.0827
6.3730
6.5316
7.4690
10.2730
8.5539
12.5012
11.4709
11.9823
8.0301
10.8340
28.2239
25.6304
23.9764
19.7844
24.4545
15.3430
16.9325
16.2351
8.2365
19.9792
9.4098
23.1548
21.5641
9.3142
19.6407
29.7497
34.1249
41.3603
14.7247
19.1103
31.7355
52.2957
36.2648
7.0212
9.0249
10.4595
24.8613
20.2838
3.6108
3.6420
5.9190
14.6908
19.5276
19.4154
21.9691
14.3781
14.8662
15.1451
2.8269
3.1270
3.7883
5.3893
4.7158
3.1515
3.3205
11.1815
16.0991
11.8284
3.8567
4.6048
5.7032
13.7390
12.2182
9.8084
22.0780
17.1675
14.4502
9.8338
3.9546
3.8786
9.3860
13.8607
15.1835
10.9280
9.0617
18.1570
22.0341
16.1349
3.9940
4.9116
17.3980
17.0726
15.2103
6.5477
21.4619
17.6387
18.8882
15.2545
3.8617
4.7399
5.7697
7.5185
14.2141
5.4851
9.1042
18.7205
15.0663
15.5288
3.6357
1.4782
2.0314
2.6320
2.6063
1.8065
1.2963
1.4543
1.2836
1.3432
9.1655
17.8049
6.5387
11.6499
6.4781
25.6403
13.6422
14.9266
4.9794
31.3698
3.2518
2.6320
2.9775
3.0668
2.8803
4.0051
6.9102
9.4473
11.4059
13.8189
5.7230
9.1095
18.6421
23.5217
15.1415
14.0506
17.2473
17.9345
21.0734
15.5632
7.4409
11.5467
15.5404
24.0507
11.1839
2.9716
4.0818
13.1641
13.7298
15.7129
9.7946
16.4524
19.0177
19.7102
19.5670
4.4068
6.5661
16.1576
13.0537
16.1781
3.1801
3.3796
6.4375
7.8363
15.2092
16.2311
15.6127
14.5019
17.1284
12.5108
3.1288
3.1372
4.0170
4.2123
4.8949
3.3302
4.3703
11.0137
13.9486
13.3060
2.0075
2.6291
3.6441
5.3711
7.7544
7.0991
15.8039
17.5243
20.0335
21.1983
4.2546
5.3685
12.9253
15.8708
15.3324
7.6540
10.0692
16.3484
13.7217
14.0359
3.2486
4.6344
16.1533
16.9171
15.1797
4.3789
5.5259
15.7483
16.7772
13.8393
3.8448
5.4407
4.2030
7.2596
10.2008
17.2473
8.3068
13.1085
13.8563
13.4813
2.1434
1.3490
2.4401
3.3306
2.7176
1.5608
1.4640
1.8626
1.3175
1.1139
10.5339
10.2575
10.4175
9.5243
7.0003
33.0363
11.0137
17.4884
21.2888
7.6958
3.1330
3.2064
2.9142
2.9890
2.9569
3.5970
7.6876
12.4287
10.6031
16.2262
3.5200
3.9235
8.9420
13.8395
16.8999
10.6344
19.5810
15.4501
16.6429
11.0229
6.3464
8.0262
10.7788
15.2206
17.7015
3.8679
5.3985
7.0618
11.5029
12.3574
5.6282
11.3921
16.1469
15.1231
18.2385
5.8884
9.3449
14.9393
13.4911
13.9643
5.0176
4.8981
5.3357
9.7831
13.5559
21.0619
17.4525
16.0808
11.5135
11.2798
4.6079
5.3514
5.8596
6.5978
7.9862
4.2202
4.0794
7.0410
11.8867
9.7094
2.7698
3.4553
4.9921
7.7373
11.8971
14.5586
20.6191
18.1694
27.8127
22.4961
7.0459
12.6823
12.9863
14.8387
19.6829
14.4090
15.1246
20.1478
20.0032
19.5800
6.5659
7.9211
16.1134
21.9413
24.7907
7.9307
14.7912
17.0838
23.2914
19.7072
6.0207
4.9025
6.6901
6.8705
8.8372
5.5238
6.9883
16.8462
12.0204
10.8856
2.4615
1.4415
3.6447
2.5516
4.9118
1.4754
1.5354
1.2873
1.4065
1.1181
12.0199
16.9257
6.8375
8.1174
9.4163
15.9589
13.2029
19.2697
10.9463
27.5616
4.6561
4.7032
5.0110
5.2085
4.9893
6.5121
8.6185
9.3467
9.2297
10.8091
5.0967
8.1775
13.3692
21.3658
17.0765
11.3372
12.3145
14.8878
13.4657
11.4382
8.5959
10.4389
16.0908
18.5645
10.9285
5.2057
7.4457
11.2738
7.5272
11.0682
9.4452
17.5004
14.8536
19.1186
19.2584
26.0215
19.6770
14.5081
12.8838
12.7651
27.9541
27.3129
21.5231
15.6267
11.3007
33.6468
27.7784
24.5309
15.5022
13.6620
3.6971
4.3256
8.6454
8.9093
9.8135
23.3805
14.5186
9.4136
11.7169
11.9267
3.6651
2.0281
2.9396
6.0488
11.0692
20.2270
82.1937
15.8773
23.9243
234.7033
5.3112
6.4220
9.1794
13.9952
15.1545
22.7817
25.1023
38.5059
29.1950
15.1529
6.7169
8.3443
15.5028
14.9467
16.8826
10.6052
18.2318
20.7762
16.7761
15.6172
3.8756
3.2638
9.6751
16.6008
20.0669
17.2943
26.5753
20.5089
22.6133
17.7903
2.7600
2.0738
1.8794
2.6113
4.5753
2.1086
2.6537
1.8809
2.7193
1.4767
6.4541
12.8043
6.3693
8.9069
11.9495
11.2674
25.0256
32.5518
8.8539
34.0578
4.7187
5.1218
2.6989
4.8042
4.0942
13.6739
8.4260
6.2673
9.1767
11.8414
15.2291
20.0943
26.7466
27.1999
32.7557
25.1377
23.6806
23.8277
36.0060
61.7459
15.3362
23.2004
34.6170
19.8547
28.3077
3.9935
8.1666
7.5448
11.5120
13.6823
28.8042
34.0482
36.6127
28.0439
23.9977
7.8531
8.5614
11.0015
12.4148
11.3233
7.0721
6.7610
7.7868
8.9276
11.2994
18.6732
18.2480
15.7342
17.5017
11.7167
6.8939
8.1588
8.8460
9.7985
9.4530
5.4936
4.9595
6.2881
14.3621
9.0750
1.9896
5.3789
5.8378
8.0644
10.2770
18.3693
71.1701
24.9864
31.3530
134.5488
11.1993
15.7056
17.5052
20.3937
23.8271
20.2716
26.4431
31.2317
36.4933
43.3775
13.2391
15.7269
25.3373
19.8058
16.6924
16.8483
21.6224
24.3256
32.2406
47.8587
5.0068
7.6943
6.0624
10.6367
11.8838
13.9783
25.5031
15.9538
17.8247
12.2944
2.2957
1.4548
1.9214
2.7530
2.4365
2.5609
1.6197
1.8551
1.5409
1.0790
25.0179
17.9883
7.0750
10.0460
6.8278
32.0986
52.6727
69.5650
23.7310
59.2451
6.7399
6.2762
6.5552
7.4133
6.3554
6.5768
8.7241
12.2756
8.8525
11.2631
8.5957
10.8771
17.7498
28.0143
25.7816
17.0402
19.2330
17.0558
18.7143
9.8106
13.8638
28.1265
43.6410
22.2484
20.3643
7.6320
13.6722
17.4758
16.4286
23.5258
10.4504
12.4898
21.9497
23.2336
34.3077
4.0884
9.6803
10.1084
11.1379
13.6899
3.4858
3.9913
7.1727
10.2860
13.1411
12.3779
16.3631
13.9268
17.0673
15.8093
3.5319
3.6968
4.6951
4.2302
4.9915
3.5397
4.8292
9.2201
11.1130
11.0519
1.9066
2.8618
2.9754
4.7261
7.5309
8.8859
18.1625
14.6151
22.5211
19.2062
4.0415
4.8833
7.7980
12.5601
17.3462
7.4867
13.2979
14.8770
14.0072
26.0259
4.2632
5.4864
16.0026
28.5936
40.9118
4.7209
7.9726
15.8713
17.3793
23.6452
2.6381
4.6503
6.9335
10.5337
15.1381
5.0383
11.6465
14.0460
10.2066
11.7249
2.0785
1.4983
2.3665
2.5938
2.1890
1.4634
2.1312
1.3185
1.3419
1.0950
7.7467
13.5916
7.2630
6.9429
5.5451
14.8114
18.6416
8.4167
29.0166
26.3350
3.4889
3.6216
3.5652
3.4475
3.3707
4.9194
6.1630
9.3755
14.2095
11.6944
3.9076
4.7131
8.5155
13.0263
17.4606
7.9290
12.1513
11.2397
13.4509
11.5607
7.1496
5.8649
15.6550
24.4188
14.8886
5.0872
7.2084
10.0715
13.3774
13.2162
5.3693
9.3887
16.9536
18.7929
19.5023
5.2439
11.3586
15.5524
18.2185
16.0838
5.0874
5.4175
6.7513
10.5902
15.2238
17.4783
18.8127
24.5366
18.4831
16.5163
5.4484
5.6918
6.0217
5.6127
5.8711
4.3021
4.2952
7.3670
13.2380
16.9032
2.8027
3.6829
5.5949
12.5105
11.5914
24.4321
18.6134
23.6087
22.4144
23.3448
8.4360
9.1292
9.1036
13.7466
15.6247
9.9892
15.0943
27.7635
21.6722
25.8704
7.0635
7.5655
19.4407
42.1503
43.2070
15.1364
21.5339
23.0467
31.7711
30.4089
5.5993
6.0972
10.0325
13.4454
13.8135
12.4734
10.5738
25.3394
20.2063
18.9621
4.7017
1.5609
1.6752
3.0487
4.1929
2.2075
1.5614
1.5183
1.4048
1.1354
15.4642
16.6017
7.7763
11.2827
12.4025
43.0453
22.7169
24.9998
14.8590
29.9843
5.0645
5.1544
4.9062
4.8908
4.9002
7.1855
10.4873
11.9386
13.2833
16.9796
6.9299
22.0871
27.4101
29.0463
28.1997
15.1017
18.0584
21.2051
17.5246
16.2709
6.2037
6.7397
11.7169
15.7529
13.5212
6.5727
9.2739
15.4610
13.0926
17.2449
11.9874
18.4008
24.3281
22.7095
23.8861
4.8659
7.2029
9.4662
13.2326
12.4919
3.8655
4.1596
5.4523
7.2913
11.1947
10.1836
13.4961
14.9664
14.0937
11.7679
3.9071
4.2056
4.4279
4.7772
4.3362
3.6948
3.8153
6.9969
10.7001
9.8955
2.0634
1.9673
6.7885
5.4791
8.7562
12.9003
21.0060
27.2522
18.2567
21.2597
5.2440
6.4981
9.8282
12.9560
15.7874
7.3165
10.0769
12.4652
18.6219
16.0434
4.5047
4.8759
14.1095
54.3082
62.3971
5.4232
10.9306
13.2192
17.4875
22.5283
4.0495
3.5615
5.4396
10.6046
9.1710
4.9439
14.6957
11.9113
11.1648
12.4886
2.2053
2.1526
1.6614
2.8601
2.4480
1.4917
2.2711
1.6388
1.2336
1.0738
11.1522
10.3433
7.3735
7.1732
13.7719
20.8652
11.2147
19.0972
21.1718
31.5831
3.7284
4.2840
4.0148
3.8210
4.1893
4.6127
6.1479
8.9213
11.1662
10.5908
4.1158
4.7393
9.5224
13.0801
16.6693
10.2774
11.7235
14.1910
15.0618
13.1249
4.5652
5.5121
9.3589
8.6302
9.6209
3.7100
6.0232
8.5792
10.6210
15.9044
6.6014
10.7953
16.1637
17.4947
19.2499
7.5847
8.7304
12.7073
14.3510
18.4484
7.2969
6.9064
6.6933
8.7284
12.4346
14.6847
13.9116
15.5756
12.9916
16.0178
6.9281
6.9048
7.6948
7.3220
8.6565
6.1218
5.9543
10.2992
13.4355
17.3709
4.9145
6.6401
7.8516
8.8989
11.3199
53.5167
27.3804
20.2699
28.4584
69.3845
14.2439
8.5816
8.9526
11.7321
10.4935
8.9234
15.2329
25.5975
21.4059
31.1350
8.8743
16.0158
20.9582
20.9197
45.2099
9.1453
8.0497
11.7994
12.6911
16.4761
4.9826
7.6111
19.6208
28.4277
22.9484
10.2542
6.8821
13.3381
11.9338
16.9377
1.3981
1.6446
3.2134
2.9980
4.5319
1.9002
2.1791
1.4273
1.4094
1.2756
16.7396
21.7818
15.4164
17.4920
17.7778
25.4644
34.9263
66.6663
18.1929
15.8807
4.9319
4.5340
3.0088
3.7342
4.0989
7.9214
9.9607
9.4875
11.4515
11.4440
7.7554
8.1288
7.5473
10.1737
15.7112
9.9824
11.0921
13.0144
26.4919
18.0736
8.4399
6.2085
19.7030
12.7712
11.7604
3.7860
4.4811
6.1767
7.1095
8.4591
7.6255
6.9692
8.0513
13.7280
18.4280
