36.4965
33.5509
30.4614
27.4872
24.4921
42.3487
39.5034
36.4550
33.5198
30.4725
36.5335
33.4704
30.4872
27.4575
24.4521
36.2162
33.1527
30.0863
27.3237
24.1870
36.4485
33.4686
28.4835
23.4791
18.4778
36.9172
33.4163
30.4876
27.6036
24.4539
36.1143
32.2665
30.0251
26.6579
24.0456
33.9789
29.1480
25.2814
22.7342
20.9703
34.7065
31.5120
27.7118
24.6308
21.4522
33.6796
30.6590
27.4482
24.4088
22.3195
33.3236
30.3106
27.3381
24.1624
21.1376
32.8498
31.1725
27.1904
23.9220
21.2931
33.9418
29.5463
27.1072
24.3263
20.8160
32.8234
29.6547
26.9444
25.2078
23.4193
26.9346
25.9567
25.4308
24.7444
25.8427
32.5691
28.1308
22.1220
18.5884
16.1958
36.3615
30.1979
28.3400
23.4596
22.3094
53.4569
53.5364
52.7557
53.4270
52.9691
36.0693
33.0909
30.1075
27.0792
24.0975
33.4064
30.2252
27.2266
24.1151
21.0700
33.7805
30.7067
27.8000
25.0351
22.4696
34.2240
31.0713
27.0883
25.5978
21.1157
40.9255
35.8467
32.8357
30.1645
21.9630
33.4185
30.2524
27.1354
24.0820
21.0185
36.5176
33.5254
30.5101
27.5360
24.5781
42.3761
39.5046
36.5246
33.5812
30.5617
36.5089
33.5667
30.5142
27.4466
24.5831
36.7861
33.7761
30.7712
27.7142
24.6127
36.4516
33.4763
28.5084
23.6253
18.9797
35.4538
31.6776
28.4133
25.4242
22.4804
37.1648
34.6666
31.4701
30.9405
25.6474
39.9355
35.1730
31.3366
28.6562
26.5268
36.2063
34.2021
31.7765
29.1999
24.0386
37.2274
34.9026
32.0041
29.0065
26.9032
33.9487
31.0586
28.1810
25.4120
22.5868
45.9782
30.7415
26.7309
23.9898
20.6573
33.2429
30.5410
28.0313
24.0135
21.1784
33.3451
33.9784
31.4760
30.5123
28.6228
27.5347
26.7831
26.4791
26.6222
26.5179
32.5795
28.1399
22.1681
18.6080
16.4931
39.6668
34.8539
31.8613
28.8820
25.8736
53.4258
53.5685
53.4659
53.4810
53.4605
37.2914
34.2795
31.3342
28.3086
25.3071
33.6180
30.5383
27.5576
24.7803
22.1114
34.3771
31.5825
28.9014
26.3586
23.5137
34.7222
31.2945
27.6586
25.4336
21.6150
40.5197
34.9727
28.0135
25.2720
23.3751
33.8542
30.7845
27.8859
25.1381
22.1430
36.5561
33.5961
30.5415
27.5152
24.5335
42.3823
39.4753
36.4880
33.5115
30.5125
36.5183
33.6171
30.5276
27.5433
24.5548
36.1566
32.9763
30.1596
27.1464
24.1252
36.4852
33.5113
28.5332
23.5508
18.6295
36.1302
32.9907
29.9588
26.9419
23.9148
37.1311
33.7161
30.7483
28.2517
23.9349
40.6199
35.8354
31.8618
28.8604
26.3352
39.5884
37.1407
33.8650
30.3225
24.9905
39.3405
36.6647
33.3931
29.7939
26.5989
33.9212
31.1195
28.2077
25.0000
22.2668
33.0710
30.7305
27.4489
24.9721
21.1918
34.3050
30.4867
28.9078
24.0896
20.5620
32.9775
33.3969
30.7544
29.5945
28.1979
27.8181
27.2923
27.7635
27.7158
27.1341
32.5891
28.2294
22.2045
18.7166
16.3298
35.9701
31.2721
28.0319
24.6574
22.0102
52.7038
52.7606
53.0133
52.5184
52.2962
35.8676
32.8791
29.8719
26.8945
23.8879
33.8527
30.7766
27.7122
24.7525
21.8462
34.9373
32.0620
29.2570
26.5016
23.3550
35.7150
32.4254
29.4264
25.8090
23.5808
41.0741
35.5526
28.4756
25.8022
23.7448
33.9097
30.9646
27.8384
24.6617
21.9127
36.4999
33.5399
30.4825
27.5131
24.5529
42.3535
39.4906
36.4751
33.5526
30.4880
36.4844
33.5514
30.4552
27.5213
24.5274
36.3548
33.3268
30.4888
27.3081
24.1185
36.4583
33.4816
28.5158
23.5894
18.6813
36.4107
31.6013
28.8865
25.9312
22.8977
36.5826
33.5718
31.8846
27.6393
23.6816
42.0283
37.2915
33.3461
30.2930
27.6039
37.5095
35.7734
33.7263
30.9129
25.2501
38.8216
36.6856
33.7851
30.1714
27.1392
33.9117
31.1082
28.2141
24.7377
22.0288
33.2859
29.8309
28.5109
24.3924
22.1833
33.3690
30.2301
27.1586
24.3424
20.9124
33.2803
36.8245
33.2650
32.0033
30.1517
30.0316
29.3081
28.6499
28.7292
25.6969
32.5788
28.1374
22.1497
18.5966
16.3908
37.3047
31.7174
29.4396
24.9940
23.4274
53.2250
53.3853
52.9397
53.0057
52.3182
36.7268
33.7562
30.7516
27.7541
24.7318
33.6476
30.5708
27.7680
24.9499
21.9092
34.5411
31.9129
29.2316
26.6009
22.6699
35.0528
31.6093
28.3592
24.6617
20.8841
40.6262
32.4668
28.6271
26.7511
23.0362
33.8211
30.9905
27.8650
24.8445
21.6441
36.5567
33.5883
30.6206
27.6906
24.7543
42.3645
39.4981
36.5007
33.5848
30.5658
36.5458
33.6461
30.6473
27.6797
24.6955
36.1368
33.2521
30.1665
27.2063
24.2401
36.5081
33.5559
28.6611
23.8177
18.9763
35.4530
31.9902
28.9665
25.8970
22.8836
36.9450
33.6631
30.2908
26.4453
23.3188
33.2000
28.4096
24.2746
21.1814
18.8504
36.1965
33.3183
28.8819
23.7345
18.9790
34.6441
31.1468
27.1880
23.5831
21.1762
33.9221
30.7479
27.6330
24.6622
21.4936
32.5380
30.5426
27.2083
24.9856
20.1081
33.6845
37.5322
27.1197
24.3440
21.0625
32.7571
27.3672
24.0702
22.1871
20.1147
23.1909
23.3540
23.6539
23.7892
28.2100
32.5959
28.2101
22.3317
18.6980
16.8434
33.4124
28.6318
25.4431
22.6891
19.4152
53.0508
53.2099
52.8753
52.8174
53.2378
36.1928
33.2252
30.2379
27.2156
24.2424
33.7481
30.5282
27.4240
24.3484
21.3871
34.2748
31.1066
28.0576
25.1215
21.9105
35.9548
32.7982
29.5484
25.6881
22.2474
41.2456
36.4265
33.5896
31.4512
28.9462
34.1246
30.9367
27.7394
24.5648
21.4853
36.6792
33.6938
30.6449
27.6846
24.6876
42.3093
39.4277
36.4269
33.4391
30.4094
36.6638
33.6639
30.6035
27.7191
24.7432
36.2402
33.3591
30.3036
27.1442
24.4668
36.5845
33.6206
28.6768
23.7102
18.7195
35.9638
30.9551
27.8733
24.9205
21.9045
36.0453
32.6405
30.6986
27.4662
24.4049
33.8583
29.0007
25.1539
22.6334
20.8137
35.4715
32.4963
28.4308
24.4970
20.4489
34.6790
31.4267
27.8762
24.6636
22.5363
33.5753
30.4364
27.3244
24.2131
21.1067
33.7624
29.4435
26.8950
24.4056
21.0251
34.0421
30.8224
27.4743
24.0622
20.9812
32.9129
28.9190
25.6832
24.2708
22.6583
25.2232
24.6329
24.3986
23.8244
23.7363
32.5691
28.5218
22.1181
19.1628
16.1442
32.5008
28.6744
24.4980
22.7058
18.4762
53.0599
53.3952
53.4108
53.3572
53.2409
35.8672
32.8663
29.8902
26.8874
23.8809
33.4796
30.4022
27.2966
24.3035
21.1779
33.9846
30.9108
27.9536
25.1282
22.1060
34.7802
31.4029
27.5799
24.6324
22.3004
41.0336
35.9211
32.7412
30.4699
21.8556
33.7757
30.5863
27.3592
24.2142
21.0255
36.5055
33.5271
30.4756
27.5096
24.4928
42.3954
39.4766
36.4784
33.5066
30.5071
36.5100
33.5311
30.5222
27.4816
24.4823
36.2378
33.1554
30.2086
27.1038
24.2374
36.4507
33.4722
28.4918
23.4941
18.5065
36.3420
33.3002
30.4226
27.4075
24.4556
37.2209
33.9935
29.9931
26.5912
23.9366
39.2017
34.3274
30.0056
26.2025
22.6409
38.9774
36.4541
32.8128
28.6980
23.7481
38.5823
35.7311
32.1728
28.0541
25.0001
33.9012
31.0267
28.1183
24.8015
21.6833
44.8129
30.8111
27.0370
24.8554
20.9829
35.3118
30.0908
27.2465
24.1184
21.2539
33.1230
31.8609
28.6751
26.8150
25.3680
27.2389
26.2471
25.9204
25.7836
26.3923
32.5724
28.1409
22.1401
18.6093
16.2581
36.0426
30.3038
28.1249
23.7585
22.0962
53.2115
53.4615
52.9687
52.6553
53.3469
36.0544
33.1196
30.0938
27.1047
24.1161
33.7068
30.6320
27.6083
24.8555
21.8290
34.5740
31.7812
28.8740
26.1758
22.8672
35.4136
31.9233
28.6439
25.3844
22.1833
41.6453
36.1697
29.0513
28.1083
24.2462
33.9125
30.8362
27.8782
24.8212
21.7243
36.5837
33.6242
30.5926
27.6503
24.7066
42.3223
39.4181
36.4427
33.4656
30.4536
36.6257
33.7067
30.6484
27.6616
24.6983
36.2267
33.4105
30.3807
27.3801
24.4387
36.5236
33.5611
28.6311
23.7222
18.8279
35.4971
31.0811
27.5469
24.4807
21.4708
36.3119
33.0926
30.3796
27.1577
23.7515
31.7999
26.8340
22.7711
19.9780
17.8873
35.5037
32.8574
29.0995
24.6568
19.5570
34.3444
31.1134
27.1318
23.5045
21.1782
33.7423
30.6574
27.2650
24.2859
21.2158
35.1116
31.3347
26.7275
24.6325
21.6908
33.8372
29.5897
26.8704
24.4526
21.0846
32.8915
26.6355
23.1757
22.0998
19.8749
23.1000
23.2465
23.7420
23.9768
26.8359
32.5681
28.4001
22.1245
19.0746
16.2169
31.8535
27.5170
23.8531
21.9693
17.8595
53.2129
53.1913
53.2933
53.2049
50.6165
36.1830
33.2584
30.3121
27.2909
24.2888
33.6443
30.5048
27.3744
24.2226
21.3113
34.0308
30.9036
27.9724
25.1437
22.1342
35.2478
31.6706
28.2867
25.2123
22.2121
40.9252
36.0332
32.9344
31.0496
28.9324
33.9744
30.7755
27.5844
24.4538
21.2730
36.5223
33.5356
30.4947
27.5142
24.4914
42.3750
39.5071
36.4745
33.4791
30.4625
36.5341
33.5459
30.5194
27.5241
24.4788
35.9522
33.0948
30.1293
27.1750
24.3510
36.4510
33.4745
28.4908
23.4967
18.5649
36.2520
33.0261
30.2022
27.1454
24.0983
37.0464
33.9822
30.7250
26.6761
23.8550
37.9329
33.0083
28.7563
25.3465
22.4814
37.9804
35.6941
32.3624
28.6573
23.5667
37.7620
35.0046
31.5289
27.7688
25.0269
33.6753
30.6114
27.7977
24.5051
21.4596
34.4585
31.5999
27.0908
24.1080
21.1961
32.7756
30.1319
27.0189
25.1066
20.7926
32.7607
30.8673
27.5932
26.2021
24.3375
25.3431
25.0554
24.7320
24.5100
24.7978
32.5775
28.1406
22.1236
18.6145
16.1674
34.4285
28.5861
26.4942
22.0898
20.4690
53.1795
53.0704
52.9993
52.8325
53.0079
36.1806
33.2196
30.2734
27.2614
24.2813
33.6353
30.4962
27.3447
24.4741
21.5315
34.4756
31.6202
28.8532
26.1807
22.3862
35.0083
31.8252
28.6456
24.8200
22.8401
41.4622
36.4848
32.5168
27.4518
23.6118
33.6219
30.6170
27.5746
24.5782
21.3717
36.5585
33.5610
30.5159
27.5324
24.5327
42.3378
39.4554
36.4425
33.4521
30.4546
36.5566
33.5610
30.5236
27.4890
24.5287
35.9936
33.4831
30.5589
27.5803
24.6785
36.4789
33.5004
28.5264
23.5229
18.4883
36.9904
32.2186
29.2381
26.1643
23.2465
36.6214
33.8307
30.5057
26.6407
23.4973
38.5534
33.6718
29.5295
26.3979
23.8588
37.7754
35.4741
31.9859
27.9714
23.5529
38.0428
35.3344
31.7198
27.9406
25.1495
33.7007
30.6272
27.5195
24.3061
21.3080
42.1222
32.3922
27.1318
24.0800
20.8542
32.8913
30.1777
27.4554
24.3496
20.4529
32.9138
30.3524
27.3757
25.8026
24.7178
25.9622
25.3588
25.1551
25.1127
23.8405
32.5766
28.2161
22.1232
18.6935
16.2130
34.7631
29.7609
26.9394
23.7056
20.9176
52.9937
53.0249
53.3211
52.7226
49.8896
36.1383
33.1916
30.1659
27.1875
24.2053
33.6579
30.6071
27.4405
24.4735
21.3959
34.4497
31.5886
28.8851
26.0373
22.5302
34.8128
31.4950
27.8077
25.0754
21.9309
41.3758
36.1111
28.2427
24.5926
22.3252
33.9111
30.7385
27.3873
24.2824
21.1062
36.5176
33.5722
30.5687
27.6604
24.7272
42.3942
39.5106
36.5260
33.5731
30.5939
36.5433
33.5434
30.6058
27.6098
24.7225
36.1913
33.6021
30.5768
27.5977
24.6537
36.4648
33.5138
28.6266
23.7441
18.8135
35.7997
32.5247
29.4139
26.3763
23.2566
37.1636
33.3975
31.1648
27.8249
23.8645
35.2053
30.4210
26.5743
23.9149
21.9048
35.8900
33.2490
29.5418
25.4982
20.9695
35.3692
32.2226
28.7397
25.5906
23.2500
33.5562
30.5014
27.2748
24.4837
21.3972
34.5478
32.0455
26.8540
23.9289
20.9715
32.8453
29.8352
27.3732
23.8589
21.3962
32.9605
28.2059
25.9801
24.2199
23.0128
25.4635
25.3566
25.1458
24.8089
32.2872
32.5736
28.1427
22.3582
18.6109
16.8327
34.7635
29.2060
26.8744
23.2648
20.8760
53.6178
53.5383
53.1743
53.8941
53.4218
36.1870
33.1927
30.1696
27.1515
24.1765
33.5005
30.3474
27.3008
24.2496
21.2410
34.1072
31.1235
28.1186
25.3907
22.2251
35.7949
32.5847
28.9758
25.2721
21.5241
40.9338
36.0564
33.1024
30.1589
23.4928
33.7815
30.5971
27.4441
24.3079
21.2353
36.6139
33.6118
30.5635
27.5386
24.6251
42.3670
39.4753
36.4698
33.4875
30.4763
36.6101
33.5920
30.5875
27.5236
24.6347
36.1304
33.3866
30.4236
27.4889
24.6965
36.5323
33.5599
28.5928
23.6451
18.8498
35.6429
30.9235
27.7846
24.8924
21.8461
35.7218
33.2431
29.4307
27.8922
23.9033
37.9711
33.0259
29.0132
26.0814
23.4932
36.8404
34.7907
32.0105
28.6739
23.2595
37.8141
35.2754
31.9294
28.6399
26.1395
33.5932
30.5048
27.6351
24.7735
21.8346
43.0092
43.9867
27.0613
24.4551
21.5213
33.4913
31.7430
27.1314
24.3275
27.6311
33.0986
32.4700
28.7717
27.7447
25.5762
25.0940
24.9688
25.0137
24.2151
29.0274
32.5679
28.3238
22.1110
18.8729
16.1023
33.8140
28.6032
25.8940
21.9770
19.9067
53.1205
52.9554
53.5929
53.2472
53.4907
36.0316
33.0583
30.0973
27.0627
24.0856
33.5944
30.4652
27.4663
24.4270
21.5654
34.3095
31.5315
28.8078
26.1303
21.7970
35.4113
32.1388
29.1498
25.4308
21.6225
41.5589
36.3561
29.6474
26.9214
24.0621
33.7251
30.6966
27.6072
24.5473
21.5090
36.5622
33.5952
30.5630
27.5410
24.5555
42.3420
39.4419
36.4525
33.4945
30.4470
36.5459
33.6047
30.5172
27.5679
24.5591
35.9950
33.5767
30.5076
27.5792
24.4412
36.4997
33.5311
28.5537
23.5672
18.6255
36.0996
33.1342
29.8870
26.8474
23.8220
36.3235
32.7935
29.9425
27.0955
23.5074
30.8585
26.2394
22.6926
20.4544
18.9454
33.8024
30.4304
26.1666
22.2353
18.9496
32.2332
28.6261
25.0417
22.2422
20.4252
33.7663
30.5247
27.3421
24.2132
21.1698
35.3530
30.0735
26.8837
24.7077
20.7263
32.8421
30.5727
26.9414
23.6847
20.7597
32.2701
25.4635
22.6949
21.7349
20.1808
25.6169
25.3410
25.4441
24.7901
26.6043
32.5716
28.2806
22.1269
18.7824
16.2044
33.6227
29.5513
25.7402
23.2700
19.7271
53.0069
53.0068
53.1740
53.1839
53.0526
35.8452
32.8871
29.8796
26.8540
23.8683
33.7747
30.6111
27.3430
24.2544
21.2082
34.0603
30.7383
27.7826
24.7685
21.8238
34.7973
31.1555
28.0381
25.3069
20.5153
40.9185
36.0771
33.0369
31.0465
28.3438
34.1233
30.6980
27.4454
24.2672
21.0868
36.5489
33.5434
30.4942
27.5068
24.5619
42.3905
39.4998
36.4925
33.4908
30.5263
36.5119
33.5683
30.4923
27.5235
24.5701
36.1030
33.3537
30.3294
27.3379
24.4152
36.4554
33.4790
28.5135
23.5749
18.6831
36.3229
31.5073
28.7229
25.7720
22.6501
36.7935
33.5643
30.1637
27.3016
23.2963
35.4879
30.7244
26.7336
23.7839
21.5619
35.3498
32.5379
28.9834
25.3201
21.4935
34.7989
31.8503
28.5578
25.2460
22.9390
34.1825
30.9011
27.7898
25.0275
22.0201
36.2254
38.7276
41.8443
24.1388
21.1758
32.9454
30.7505
27.1516
24.6659
21.9154
33.1240
28.4071
25.5194
24.0249
22.3005
25.9317
26.1260
26.3655
26.5614
30.2468
32.5805
28.1480
22.1507
18.6354
16.3321
34.3367
28.6678
26.3884
22.3803
20.3923
53.1158
53.1545
53.0247
53.0164
53.0047
35.9382
32.9319
29.8991
26.9314
23.8998
33.6962
30.5380
27.4705
24.4425
21.4998
34.2946
31.1958
28.2808
25.4689
22.6425
35.9140
32.9476
29.9839
26.0018
21.7817
40.9805
35.6911
32.2614
30.2910
24.3259
33.9948
30.8979
27.8495
24.8511
21.7300
36.7390
33.7817
30.7740
27.8438
24.9414
42.3257
39.4471
36.4672
33.4838
30.4726
36.6731
33.7965
30.7528
27.8419
24.9054
36.1255
33.3465
30.4423
27.5710
24.8437
36.6697
33.7236
28.8262
24.0184
19.2521
34.9068
31.3484
28.2027
25.1960
22.1724
35.8847
32.9378
31.8923
27.6144
23.0901
39.1271
34.3761
30.5076
27.4928
24.7044
37.3337
35.1746
32.0875
27.8862
21.3103
37.8340
35.3445
32.3253
29.0777
26.3957
33.8477
30.8922
28.0013
24.7668
21.8044
32.6461
30.2426
26.6309
24.8452
21.6419
34.4457
30.7629
27.3748
24.1382
21.2525
32.7667
32.9250
29.8435
28.8257
27.1089
25.4501
24.8721
24.2164
23.7496
25.2266
32.6199
28.5447
22.3797
19.0406
16.8663
31.8257
31.0915
23.7446
25.2186
17.7757
53.3002
53.4177
53.1757
52.9980
53.4054
36.4383
33.3046
30.2380
27.1255
24.0850
33.6317
30.4490
27.5852
24.7204
21.8924
34.4873
31.6098
28.6249
25.4550
21.8174
35.9205
32.7275
29.2820
25.5021
22.7330
41.2645
36.2820
29.9646
28.2233
25.6907
33.7555
30.7794
27.8448
24.8206
21.5537
36.5110
33.5402
30.5077
27.4985
24.4680
42.3644
39.4857
36.4749
33.4953
30.4825
36.5197
33.5530
30.4573
27.5270
24.4052
36.1736
33.4268
30.3713
27.3714
24.4976
36.4610
33.4847
28.5043
23.4801
18.4327
37.0872
32.3880
29.6834
26.5658
23.6331
36.0782
33.3587
29.8397
25.9869
23.7188
38.8119
33.9786
30.1986
27.7482
25.8859
37.0642
34.5948
31.5713
28.6373
25.0176
37.4132
34.8078
31.6645
28.3427
25.9296
33.3392
30.3986
27.2967
24.1895
22.3038
34.9694
31.7387
26.8176
24.0159
22.0559
32.6602
30.1414
27.4446
24.0960
20.5898
32.8199
33.2591
30.8269
29.2013
27.8226
28.9407
27.0686
26.0600
25.0448
29.2245
32.5681
28.1678
22.1129
18.6721
16.1064
35.8768
30.6950
27.9884
24.3818
21.9812
53.6037
53.4165
53.5660
53.0935
50.1291
36.1482
33.1499
30.1944
27.2151
24.2169
33.4683
30.3661
27.2753
24.2747
21.2986
34.2522
31.4253
28.7285
26.2254
22.0360
34.0499
30.6589
27.2247
24.6521
21.7532
41.0280
30.2882
26.3035
24.4313
21.4105
33.4289
30.2142
27.3251
24.3572
21.1788
36.5503
33.6492
30.6531
27.7855
24.8242
42.3885
39.5134
36.5625
33.6161
30.6251
36.5723
33.6499
30.6061
27.7605
24.8045
36.0781
33.5546
30.5681
27.6333
24.8235
36.4803
33.5634
28.7320
23.8391
18.8698
35.7410
32.2248
28.9853
26.0331
23.0250
37.0024
33.3022
29.1384
25.7194
23.6204
38.3562
33.6589
29.7353
26.7226
24.2513
37.7552
35.4516
31.9835
27.2335
21.4706
37.7373
34.9379
31.3854
27.8188
24.8389
33.6013
30.4997
27.3673
24.1280
21.3092
34.5948
30.8671
26.9721
24.3076
21.0900
33.6737
30.2729
26.9748
23.9184
21.7787
32.9565
29.7913
27.7081
27.6940
24.6405
26.7091
25.6057
25.0432
24.4602
28.8043
32.5746
28.1380
22.5968
18.5970
17.1700
33.9336
28.2868
25.9621
22.3632
19.9682
52.3374
53.9366
52.8296
52.2228
52.0436
36.1941
33.2562
30.2945
27.2954
24.2781
33.6422
30.4355
27.4413
24.3626
21.3024
34.3371
31.4168
28.5684
25.6632
22.2317
34.9611
31.0543
28.1737
24.0742
21.1897
41.4516
36.5950
28.8525
25.8857
22.7995
33.4928
30.4775
27.3192
24.2221
21.0302
36.5284
33.5794
30.5141
27.5665
24.6016
42.3690
39.4795
36.4668
33.5117
30.5342
36.5109
33.5602
30.4833
27.5084
24.6046
36.1255
33.1991
30.1920
27.2261
24.3277
36.4733
33.5021
28.5592
23.6543
18.8727
35.8195
30.3158
27.4496
24.4604
21.3556
36.4668
33.2806
29.3363
27.4294
24.1616
35.1693
30.4956
26.6063
23.6936
21.5078
35.6241
32.8345
28.9448
24.9732
20.6511
35.2192
32.1802
28.6216
25.1865
22.9361
33.9449
30.6714
27.8326
24.5064
21.3136
32.8803
31.5033
27.5978
24.1168
20.9168
32.7393
29.0819
27.1959
24.2288
21.3845
32.9142
28.6046
25.6825
24.5649
22.3716
24.3954
24.4499
24.8201
24.4442
25.4770
32.5774
28.1949
22.2150
18.6652
16.5400
35.7029
31.2881
27.7429
24.9611
21.7300
53.0180
53.1383
53.2096
53.1904
53.2883
35.9979
33.0436
30.0162
27.0513
24.0158
33.6486
30.5676
27.4934
24.4513
21.4736
34.2649
31.1994
28.2372
25.2703
22.1308
35.8675
32.2303
28.4588
25.5805
22.1484
41.1966
36.3050
33.5144
30.8911
25.0947
34.2176
30.8126
27.6331
24.4823
21.1483
36.5010
33.5604
30.5357
27.5465
24.5314
42.3728
39.4756
36.4792
33.5119
30.5229
36.5281
33.5686
30.5028
27.5420
24.5634
36.2092
32.5343
29.5981
27.3334
23.8573
36.4675
33.4951
28.5361
23.5754
18.6323
36.2175
33.1050
29.9430
27.0558
23.8590
36.5390
33.3763
30.5412
27.2893
24.2248
34.1565
29.1023
24.8370
21.7204
19.4752
36.4366
34.0156
30.9547
27.3524
22.3523
36.1059
33.2531
29.4757
25.6797
23.0113
33.6849
30.4838
27.3363
24.2559
21.2527
33.9966
29.5706
28.4128
24.7243
21.3261
32.7902
31.6830
27.2776
24.2258
21.4653
32.9238
29.7066
26.8520
25.0889
23.2983
24.9864
24.8463
24.9341
24.6467
26.0532
32.5715
28.2107
22.1291
18.7924
16.1819
33.4141
28.2135
25.4711
22.2241
19.4629
52.9015
53.0759
53.1654
52.9435
53.2326
36.0838
33.0829
30.1111
27.1128
24.1011
33.5357
30.4151
27.4350
24.3305
21.2263
34.1516
31.2355
28.3530
25.6462
22.5160
35.5062
32.3203
28.5428
24.8879
21.0594
40.8137
35.9037
33.0235
30.8310
28.0932
33.7651
30.7431
27.5435
24.3723
21.3942
37.2686
34.2909
31.3114
28.3425
25.4058
41.9208
38.9923
35.9254
32.8998
29.8329
37.2889
34.3258
31.2958
28.3466
25.4308
36.0900
33.2212
30.2826
27.4092
24.6339
37.2157
34.2629
29.3439
24.4037
19.3505
33.6558
28.2400
25.0190
21.9347
18.9225
33.6423
29.8779
31.7403
28.8970
21.7659
36.6374
31.7433
27.6764
24.5840
21.9009
37.8469
35.0577
30.6767
24.9954
18.7512
38.4413
35.4264
31.7448
28.2590
25.7801
33.9480
30.6200
27.7450
24.4668
21.4125
33.3317
52.8784
27.5775
24.6603
21.0431
37.6894
30.4010
27.1311
23.4928
21.5150
33.0124
29.3117
26.7297
25.6543
23.6599
23.0038
22.9743
23.2729
23.3883
23.8079
32.5722
30.8180
22.1847
21.5297
16.3423
29.5444
26.5439
21.4346
21.2458
15.4227
52.6013
52.5946
54.2025
52.3261
53.0124
36.0039
32.9046
29.8728
26.7765
23.6377
34.2525
30.7497
27.5768
24.5369
21.4829
34.1978
31.0127
27.8341
24.5357
21.3674
34.9855
31.8148
28.5679
24.8471
21.6370
41.4836
36.5222
32.8216
27.7495
24.0656
34.1476
30.7316
27.5842
24.5360
21.5603
36.5679
33.5835
30.5308
27.5389
24.5347
42.3749
39.4798
36.4548
33.5071
30.4663
36.5298
33.5642
30.5789
27.5447
24.4880
36.1397
33.2065
30.1961
27.1379
24.2977
36.4913
33.5161
28.5360
23.5285
18.4980
36.5960
33.4464
30.4383
27.2583
24.3116
37.0436
33.4116
31.3026
27.4260
25.4221
34.8664
30.0458
26.1304
23.3882
21.2911
36.3853
33.5521
29.5265
25.4953
21.6832
35.1653
32.1071
28.7674
25.4632
23.0557
33.8377
30.5746
27.4811
24.4293
21.1942
33.0228
32.1749
27.3499
23.9598
20.8378
33.2914
30.0944
27.3686
23.8535
21.1057
32.8698
28.3268
25.6088
23.8889
22.0534
25.0880
24.7584
24.9101
24.5785
26.9632
32.5685
28.2556
22.1191
18.7306
16.1859
34.8305
30.1498
26.9291
23.7451
20.9226
53.0577
53.1087
52.9003
52.7684
52.7960
36.2916
33.3097
30.3256
27.3136
24.3041
33.6322
30.4519
27.3809
24.3831
21.3628
34.2689
31.1700
28.2381
25.4879
22.5488
34.9283
31.8077
28.1692
24.9046
22.2675
41.1658
36.2713
32.9107
30.3713
23.1560
33.8933
30.6598
27.4377
24.2571
21.2097
36.5422
33.5755
30.5330
27.5011
24.5107
42.3333
39.4438
36.4480
33.4811
30.4550
36.5454
33.5371
30.5184
27.5289
24.5374
36.1272
33.4869
30.4117
27.4059
24.5102
36.4877
33.5102
28.5285
23.5217
18.5607
36.4342
31.9269
28.8497
25.9680
22.9659
36.8456
33.3695
30.7307
27.8487
25.3032
36.3781
31.5737
27.6861
24.9713
22.9598
35.7909
33.0564
29.8630
26.9047
23.0395
35.5927
32.8875
29.7875
26.5620
24.4383
33.9988
30.7695
27.8114
24.7026
21.5898
52.6339
30.7198
27.6766
23.8594
20.7278
33.5802
30.7831
27.5158
24.2933
22.4648
32.9042
30.6200
27.9168
25.8471
24.6173
26.4030
26.1021
25.6619
26.1169
28.3618
32.5688
28.2980
22.1150
18.7873
16.1214
34.6034
30.0005
26.6344
23.4472
20.6054
53.2137
53.2363
53.2736
53.0043
53.4266
36.1922
33.2432
30.3019
27.2842
24.3246
33.7187
30.7006
27.6050
24.5958
21.6762
34.3701
31.3418
28.5264
25.7482
22.7921
35.5435
32.1305
29.0047
25.4571
22.5709
41.2768
36.2188
32.5002
27.0192
23.2445
34.2297
30.8956
27.7752
24.6341
21.5362
36.5518
33.5616
30.5138
27.5336
24.5369
42.3712
39.4575
36.4853
33.4999
30.4617
36.5587
33.6011
30.5585
27.5344
24.5519
36.2859
33.3242
30.4455
27.6283
25.0169
36.4785
33.5066
28.5336
23.5617
18.6361
36.3869
33.0631
30.0560
26.9936
23.9441
36.6458
33.2597
30.0685
27.1022
24.1116
39.8808
34.9920
30.6561
27.1871
24.5442
39.1879
37.1932
34.1965
30.3048
24.3534
39.6296
37.1857
33.7377
29.6278
26.3387
34.0344
31.1420
28.4151
25.3254
22.3753
38.7503
43.4257
27.2413
24.3880
21.8840
33.1357
31.2008
27.1233
24.4775
22.3398
33.1712
32.5627
30.7849
28.0746
26.4823
24.4292
24.1843
24.1905
23.9259
25.6503
32.5923
28.2490
22.1447
18.8074
16.1638
34.0768
29.0720
26.1478
22.9001
20.1305
53.1318
53.1360
53.1927
53.2281
53.1868
35.9953
32.9749
29.9399
26.9014
23.8582
33.7484
30.6539
27.8556
25.1347
22.2170
34.8996
32.1850
29.4046
26.4910
23.2847
36.1684
33.0064
29.2567
26.3369
23.0181
42.0398
36.7176
30.0520
28.0181
25.0332
34.0697
30.8985
27.8313
24.7274
22.3081
36.5300
33.5746
30.4846
27.4782
24.4421
42.3742
39.4731
36.4275
33.4646
30.4513
36.5247
33.5499
30.5041
27.5535
24.5244
36.1136
33.3407
30.3600
27.3533
24.4902
36.4713
33.4912
28.5009
23.4715
18.4874
36.9292
32.1362
29.2593
26.2061
23.1352
36.9367
33.5436
30.0726
27.0169
23.5187
35.7797
31.0028
27.1260
24.4349
22.4353
36.7424
33.9724
30.2576
26.4408
22.5221
36.2696
33.2098
29.5343
26.0494
23.6158
33.9421
30.7488
27.6171
24.5478
21.2762
37.3805
29.9579
27.8169
24.4419
21.0226
32.6830
30.0634
27.5979
24.3810
21.1243
32.9441
28.8947
26.5307
24.8051
23.4237
29.4227
27.4142
26.2502
25.2540
29.5024
32.5678
28.2069
22.1106
18.6734
16.0996
36.3194
31.8256
28.4557
25.0073
22.4363
53.2207
52.6538
53.1718
53.1241
52.0705
36.1062
33.1187
30.1677
27.1446
24.1118
33.8536
30.6331
27.6236
24.4970
21.4586
34.3066
31.3782
28.4497
25.6384
22.8407
35.4925
32.0356
28.2265
23.5721
21.0421
41.6707
36.5968
33.2614
30.5285
23.0561
34.3184
30.9004
27.7366
24.2308
21.1156
36.8813
33.9695
30.9156
27.9631
24.9414
42.0525
39.1204
36.0889
33.1321
30.1236
36.8773
33.9237
30.9295
27.9955
24.9914
36.3660
33.2445
30.2597
27.1885
24.0916
36.8548
33.8970
28.9513
23.9755
18.9597
34.6398
31.4496
28.5384
25.4370
22.4019
36.1812
33.2057
30.4947
27.3466
24.0155
23.9103
19.2231
16.1707
14.6648
13.7887
40.5092
36.9246
31.5560
23.9583
18.2069
33.2725
30.0614
24.9561
20.8161
17.8694
36.5381
33.5605
29.3431
26.2908
22.6954
36.0173
28.5168
26.3443
23.0545
20.0112
33.5870
35.8960
27.5979
26.0896
21.2957
32.7975
25.6270
23.9598
23.3823
21.4462
20.7730
21.4795
21.6980
22.5853
26.2128
33.3269
28.6076
22.9803
19.1564
17.1355
30.8412
29.6693
22.9438
23.9261
16.9394
54.5301
52.8848
53.5426
54.7251
54.4565
36.7592
33.7632
30.7250
27.6687
24.6481
35.2382
31.8514
28.6425
25.3214
22.0445
35.2533
32.0975
32.8616
25.6270
22.5336
34.6522
31.0845
28.2526
26.0158
22.7358
40.5198
35.7987
32.7825
30.6903
28.7859
36.1340
32.1108
28.1612
25.0142
21.8928
