37.8899
34.9394
31.8704
28.9100
25.9095
39.6586
36.7339
33.7165
30.7700
27.7279
33.0777
30.0218
26.9702
23.9759
21.0147
42.8373
39.8740
36.8386
34.0726
30.8933
42.3046
39.4210
34.4960
29.4838
24.3662
38.3045
34.8461
31.9535
29.0269
25.9986
36.8554
33.5025
30.2068
26.7657
23.5091
38.1337
33.0345
28.4889
25.1467
22.8616
36.2477
33.2649
29.3832
26.0747
24.9737
40.9884
37.7849
32.2008
26.3088
22.4629
39.1194
35.2130
31.0486
25.8988
22.3703
35.1799
33.6804
29.3923
26.4856
23.9067
37.6148
29.8231
26.7122
25.0799
24.7037
34.2258
31.1350
27.2592
25.4243
23.3888
26.1396
25.3392
24.9461
24.3532
24.3623
50.2725
46.0692
40.1422
36.8643
33.3291
55.1137
35.8314
51.0410
28.9153
46.7330
54.1553
52.0364
48.9834
46.3823
43.3514
37.6169
34.6667
31.6625
28.6523
25.6812
42.9893
39.5438
35.6317
30.7302
25.1222
36.6208
33.3418
29.9860
26.6129
23.7965
38.1761
35.2901
31.0379
29.1681
26.2685
37.6589
32.5197
29.4425
26.5894
23.0560
37.8612
34.1250
29.8330
25.5359
22.5012
37.9107
34.9260
31.9385
28.9658
26.0962
39.6730
36.7765
33.8054
30.9653
28.0710
33.0548
30.0940
27.0666
24.0564
21.2173
43.0684
40.1155
37.0695
33.8577
30.4949
42.2891
39.4116
34.5190
29.6074
24.6974
36.5933
33.5802
30.4442
27.4770
24.6697
36.0053
34.1602
30.2997
27.4384
24.5840
43.0400
38.0012
33.3666
29.6398
26.7789
37.7510
35.4619
32.5895
30.1775
28.8092
39.2879
36.8390
32.8661
28.6566
26.1344
36.1475
32.0991
28.1812
25.3720
23.3800
35.2383
32.8917
24.4982
23.8230
21.1041
33.4355
30.5260
27.3041
23.2691
20.7705
34.0090
34.7475
31.3731
30.0662
28.0318
27.1959
25.8854
25.2195
24.5164
25.1231
49.9402
45.7729
39.5327
36.3114
32.5145
51.9582
38.0745
46.2590
31.1545
40.6591
52.4555
50.1542
47.2348
44.4158
41.4784
38.1987
35.1906
32.2588
29.2099
26.2309
41.0625
36.1786
30.8054
25.9380
22.2928
35.7321
32.5436
29.6254
27.2420
26.5523
38.3570
35.3054
32.4609
30.1344
26.1326
36.5652
30.6262
26.4596
25.0128
25.2476
36.0122
31.8540
28.0198
25.6895
25.7118
37.9304
35.0096
31.9590
28.9620
26.0164
39.7260
36.8177
33.8197
30.8818
27.9290
33.0876
30.1483
27.0860
24.1038
21.1532
42.3519
39.2055
36.3285
33.1583
29.8514
42.2312
39.3660
34.4697
29.4936
24.4600
37.4971
34.2706
31.2116
28.2159
25.3058
35.5047
31.7119
28.7083
26.0038
22.3376
43.1914
38.0746
33.2179
29.1339
25.8996
40.2438
37.8260
34.4361
30.9947
28.6986
40.8025
38.4091
34.0237
28.7700
24.5814
36.1574
31.4286
27.4436
24.0712
21.7679
35.0045
32.4420
24.6681
23.0357
20.3491
36.4171
29.9722
28.7270
22.9872
18.8393
32.9327
34.4775
30.5773
29.1700
27.2298
26.2316
25.3427
25.1294
24.4564
25.1365
49.6140
43.8063
39.1014
34.2519
32.2739
52.7225
33.7922
48.8252
26.9664
43.9135
54.7516
53.4364
50.8295
48.2793
45.4661
37.4176
34.4171
31.5134
28.4934
25.4862
39.4010
34.9504
30.0552
25.3370
21.2954
35.9536
32.9075
30.0431
27.3453
25.9774
39.6782
36.6982
33.8802
29.4109
27.0558
36.2310
30.8255
26.1166
23.9162
22.3871
35.7942
31.3666
27.0331
23.7848
21.8598
37.8725
34.9521
31.8849
28.9413
25.9595
39.6709
36.7526
33.7303
30.7827
27.7759
33.0391
30.0739
26.9872
24.0520
21.0791
41.9317
38.9451
36.0729
32.8279
29.5579
42.2769
39.4000
34.4883
29.5188
24.4617
37.8172
34.0930
31.3942
28.3243
25.3758
36.0141
32.1467
29.5201
25.1675
22.0536
44.6713
39.6303
34.7829
30.5749
27.1490
38.6747
36.5054
33.6989
30.8792
28.8049
41.0167
38.2037
33.7736
29.0919
24.1793
34.6865
30.5375
27.1662
24.0650
21.9713
34.2467
31.1221
28.8211
22.5951
20.9884
34.4751
29.5536
26.3411
24.0371
19.0095
33.0069
37.2301
32.5169
31.1158
29.0860
29.0845
27.5268
26.6655
25.9590
24.5635
49.6458
45.7975
39.1872
36.5418
32.3609
53.9861
36.5279
50.0690
29.5206
45.3478
53.0952
50.6225
48.0125
45.2446
42.3567
37.9693
35.0020
31.9959
28.9959
26.0018
39.6572
33.9654
28.8400
24.6955
21.2624
35.5078
32.4912
29.6711
27.2322
26.5997
39.0730
36.1437
32.9113
29.9471
26.0131
35.3098
29.7173
26.4974
24.8408
23.4488
34.7450
30.5317
27.0607
24.4672
23.0763
37.9323
34.9645
32.0144
29.0944
26.1762
39.7319
36.7874
33.7876
30.8540
27.9803
33.1019
30.1484
27.1827
24.2215
21.3075
42.5061
39.6736
36.5641
33.5181
30.3891
42.2599
39.3908
34.5066
29.5814
24.6203
36.8568
33.3930
30.5389
27.4888
24.5915
36.8942
33.2025
29.6537
25.6844
22.7283
37.5098
32.4286
27.5356
23.5582
20.7994
36.7387
33.8872
29.7856
25.5972
23.5298
37.8496
35.1565
30.5907
24.8820
21.2693
38.7357
34.7633
30.9272
26.6200
22.1925
34.5632
32.4912
29.3344
22.2481
22.1612
35.2975
32.5783
29.3289
24.5253
21.1479
33.4811
28.1975
24.1360
21.9477
19.6786
22.8997
22.9050
23.0049
22.9976
24.6089
49.8183
43.8801
38.0582
34.1921
29.8611
53.9160
32.2818
49.6892
25.7125
44.7852
55.4737
53.5658
51.1985
48.4117
45.6422
37.5677
34.6440
31.6748
28.6710
25.7014
42.2123
38.5100
34.5676
30.0477
25.3362
36.0875
32.7137
29.4635
26.2455
23.1373
39.6813
36.4699
32.9066
29.0671
26.2748
36.7461
31.8679
29.0193
26.8716
24.4238
36.9535
33.5505
29.9716
26.1215
22.2763
37.9862
35.0674
32.0034
29.0768
26.0724
39.7286
36.7920
33.7811
30.7914
27.8217
33.2565
30.2366
27.1941
24.2925
21.3043
42.5507
39.7444
36.7099
33.5223
30.7884
42.1381
39.2680
34.3884
29.4411
24.4388
37.4707
33.8511
30.7529
27.7992
24.8810
36.3352
32.9140
30.3666
26.9288
23.5799
37.3113
32.1628
27.5052
23.9429
21.4045
36.7406
33.8678
29.9383
26.5425
24.8709
40.4892
37.5363
32.3770
26.3301
22.7297
38.4133
34.5740
30.5543
25.8175
21.6609
35.4114
31.1304
28.7141
26.2690
21.8443
36.5298
34.8103
28.3410
24.6999
21.7718
34.0183
30.4342
26.1776
24.4103
22.5230
24.9256
24.4113
24.2552
23.7762
23.8227
50.2937
40.3438
40.2162
31.2687
33.6881
53.4570
31.7143
48.8998
25.4545
43.8609
54.0202
51.6703
49.0908
46.2880
43.3757
37.4084
34.4537
31.5262
28.5601
25.6062
42.1146
38.6554
34.6212
30.1816
24.8032
36.2958
33.1001
29.8341
26.7225
24.0244
39.0294
35.6509
32.1572
30.2350
27.8246
37.7975
32.6440
29.1909
26.8773
22.1819
37.4428
34.0425
30.0644
25.7203
21.5586
37.8850
34.9333
31.9015
28.9080
25.9145
39.6757
36.7524
33.7252
30.7712
27.7596
33.0542
30.0440
27.0273
24.0257
21.0426
42.7398
39.7483
36.8061
33.6258
30.5960
42.2692
39.3987
34.4907
29.4849
24.3938
37.7155
34.6969
31.7324
28.7501
25.8856
35.6277
32.3678
28.6218
24.9959
22.4404
41.6798
36.5195
31.4785
26.9168
23.0634
39.1523
36.5294
32.7423
28.8452
26.2760
40.0359
37.4437
33.0324
27.2878
23.5043
36.2290
31.7572
27.7660
24.1750
21.5686
34.2251
31.7019
28.3410
24.7816
19.9365
34.4249
30.7443
26.5078
23.0873
20.4979
33.0270
32.5392
28.3332
25.9952
24.4950
26.6689
25.5768
24.9232
24.5636
24.9829
50.1459
45.7841
39.7986
36.4346
32.6133
53.7969
35.2158
50.3200
28.2442
45.9469
54.6866
52.7530
50.3135
47.4580
44.7676
37.5836
34.6629
31.6352
28.6459
25.6687
39.8839
35.3872
30.3643
25.8868
21.7902
35.4841
32.4472
29.3820
26.5123
24.0175
38.9998
35.9338
32.5395
29.8176
26.0621
35.8719
30.3339
26.3921
24.7115
22.7882
35.8972
31.8267
27.6924
24.2231
21.9171
37.9508
35.0005
32.0164
29.0543
26.1201
39.7494
36.7732
33.7900
30.8332
27.8648
33.2266
30.2495
27.1957
24.2119
21.2640
42.3238
39.5562
36.5269
33.4674
30.3942
42.2311
39.3559
34.4600
29.5213
24.5397
36.9498
33.8594
30.6244
27.5394
24.6127
37.0468
33.3823
30.2759
26.9675
23.6000
35.5775
30.3904
25.6341
21.9198
19.1840
36.8801
34.1767
30.4427
26.5242
23.9562
39.0773
36.3141
31.4231
25.8063
22.1492
38.4394
34.4154
30.4061
27.0102
22.3844
37.0318
33.1574
28.8305
26.3737
19.0108
36.5577
28.8019
31.2849
26.0239
20.6508
33.6453
27.8025
23.2308
22.0393
19.4784
22.6904
22.6671
22.9640
23.0175
24.8933
50.3631
42.1515
40.2423
32.5564
33.0057
53.7806
31.5619
49.1767
25.6317
44.0806
56.9411
55.1363
52.5822
50.2287
43.9630
37.6298
34.7309
31.7881
28.7999
25.8776
42.5459
38.9258
34.7894
30.0850
25.6023
36.3524
33.0099
29.7757
26.6609
23.7933
38.8241
35.5511
32.6061
29.4721
27.4396
36.6215
31.6631
28.5478
26.6566
24.5329
37.5427
34.0232
30.3459
26.3865
22.3761
37.8795
34.9160
31.9042
28.9096
25.9259
39.6705
36.7345
33.6910
30.6836
27.7019
33.0594
30.0502
27.0127
24.0327
21.0124
42.1764
39.3280
36.2682
33.1148
29.9973
42.2680
39.3920
34.4733
29.4671
24.3936
37.8623
34.5214
31.7097
28.7171
25.7655
36.3749
32.8141
29.6785
25.8076
22.7472
40.6336
35.4265
30.3179
25.8259
22.2561
38.9297
36.3985
32.7261
29.0940
26.2911
40.6678
37.9972
33.5221
27.8960
24.4084
36.5122
32.7643
28.2945
24.1397
21.0018
36.2712
33.5401
28.4120
25.5382
20.6018
34.3972
30.4280
26.0798
23.9441
23.9793
33.0375
31.6277
27.2789
25.3811
23.5600
24.7815
24.4402
24.2142
23.9963
24.7502
49.6577
45.6971
39.6207
36.1756
33.2780
54.0831
33.6792
50.6490
26.9441
46.1704
56.7134
55.6560
53.5986
51.0934
48.4860
37.6889
34.7193
31.7991
28.7483
25.7676
40.4318
35.9065
31.2058
26.4549
22.0552
35.9619
32.8186
29.7105
26.8538
24.2464
39.0275
35.9769
32.8853
28.4325
26.9298
35.2535
30.2192
26.4545
24.2931
21.8805
36.5721
32.3800
27.9565
24.1652
21.2679
37.8999
34.9456
31.8845
28.9177
25.9129
39.6840
36.7440
33.6544
30.7154
27.7103
33.1027
30.0875
27.0585
24.0411
21.0381
41.7210
39.2473
36.3049
33.2290
30.1928
42.2297
39.3449
34.4270
29.4196
24.3190
38.3836
34.7271
31.7423
28.7051
25.8570
36.0552
32.6321
29.0118
25.3311
22.2682
41.4924
36.3415
31.3693
27.1281
23.8280
38.5209
36.0623
32.2887
28.5316
26.4609
41.0380
38.4156
33.7831
28.1161
24.9699
36.4370
32.3761
27.8904
24.0689
21.2269
36.7068
33.0399
28.4603
22.9629
19.6919
36.4589
29.9483
27.0498
22.4156
23.2206
33.1441
30.8948
27.0683
25.2010
24.0852
25.6670
25.1352
24.8802
24.5132
23.7694
49.7019
43.2629
39.6693
33.7385
32.9758
54.3929
33.8151
51.2084
27.3307
46.8951
56.0322
54.1248
52.0883
48.3622
44.3329
37.5889
34.6834
31.6438
28.6966
25.6955
39.9564
35.4201
30.7196
26.2220
21.9322
35.7821
32.5996
29.6420
26.7673
24.4010
38.7956
35.3930
32.5744
30.6396
27.7622
36.4486
31.3913
26.4973
23.7771
21.8074
36.3316
32.3838
27.8626
24.0586
21.4764
37.9079
34.9754
31.9651
29.0776
26.1654
39.7293
36.8245
33.8081
30.8894
27.9632
33.0897
30.0663
27.1238
24.1442
21.2797
42.6504
40.1351
37.1081
34.0561
30.9509
42.2717
39.4241
34.5486
29.5914
24.5682
37.1015
33.9248
30.8959
27.8800
24.8916
36.6469
32.6454
29.3976
26.0071
22.5865
39.1921
34.0906
29.3703
25.6297
22.9363
37.1143
34.4245
30.7432
27.3845
25.5596
39.8048
36.9981
32.3079
26.7329
22.9427
37.9789
34.1734
30.1300
25.3893
21.7696
36.7685
32.6363
28.9112
24.9950
22.0017
31.8879
32.1497
26.1115
23.4206
21.0604
34.1258
29.5368
26.1211
24.0327
22.5777
25.3869
24.9436
24.4788
23.9590
26.9737
50.1092
45.7282
38.4183
36.3247
30.3567
53.9744
34.3972
50.5189
27.7600
46.4170
55.4299
53.6368
50.9913
48.2759
45.3676
37.6893
34.6867
31.6576
28.6705
25.6963
42.0798
38.2929
34.1088
29.1703
23.9057
36.0867
32.9099
29.5802
26.6688
24.2605
39.4588
36.3679
32.5086
29.1665
26.1904
37.0141
32.1004
29.1012
25.9981
22.6641
37.2401
33.6815
29.6361
25.2661
21.7346
37.9136
34.9606
31.9105
28.9184
25.9979
39.7084
36.7250
33.7237
30.7381
27.7458
33.1244
30.1187
27.1028
24.0423
21.1350
42.3371
39.6171
36.5782
33.4337
30.3403
42.1988
39.3264
34.4064
29.4238
24.4688
37.1742
33.7572
30.7007
27.8123
24.7869
35.6265
32.0699
28.6245
25.7592
22.3210
39.6157
34.4340
29.7675
26.0237
22.9976
37.9350
35.6753
32.5051
29.5984
27.8667
41.2652
38.4314
33.6712
28.5902
24.7786
36.3501
32.0685
27.6427
24.1730
21.5933
36.8770
33.4400
29.0267
22.8976
21.8501
33.2781
32.6572
27.6991
23.9615
28.8358
33.5805
33.1082
28.6028
27.0560
24.7233
24.5599
24.1810
23.9369
23.4238
25.2446
50.2439
42.1788
40.3351
32.3197
34.2352
53.4654
33.0879
49.5276
26.2226
44.8956
54.3275
52.2864
49.6682
46.9699
44.2157
37.5676
34.5917
31.6210
28.6421
25.6217
40.2917
35.5213
30.7028
25.8914
21.7320
35.7464
32.6005
29.6987
27.0188
25.9478
38.9731
36.3517
32.9595
29.5789
26.9852
36.2084
30.7472
27.1214
24.4486
22.4407
35.9328
32.0314
27.7232
23.8924
21.5472
37.9185
34.9799
31.9369
28.9503
25.9958
39.7308
36.7733
33.7264
30.7979
27.8477
33.1020
30.1487
27.0770
24.1198
21.1514
42.2517
39.8955
36.8535
33.9101
30.7062
42.2413
39.3529
34.4421
29.4666
24.4569
37.5268
34.2807
31.2094
28.2571
25.3113
37.5008
34.3397
31.0189
27.3590
23.3041
35.8792
30.9128
26.5467
23.3344
21.1692
35.5763
32.4481
28.2861
24.8564
23.4350
39.4463
36.3534
31.2346
25.2551
21.5051
40.3754
37.0553
32.8852
28.4227
23.3259
37.7198
32.3318
24.7503
27.2025
23.4501
38.2129
35.2526
28.7146
26.3656
21.6932
33.8876
27.1620
23.3278
22.1652
20.4633
25.8444
25.1933
24.9692
24.4107
24.3956
50.3247
43.0061
40.1536
33.4969
33.3565
54.2647
33.1596
49.8647
26.5367
44.9210
53.7948
51.3856
48.8404
45.9505
43.0380
37.4641
34.5091
31.5249
28.5241
25.5542
43.3411
40.2292
36.7149
32.9465
28.5032
36.8558
33.5716
30.4532
27.0532
23.8164
39.0897
35.8009
32.6818
30.5552
26.0889
38.7083
33.8356
30.7906
28.7973
25.8350
37.8560
34.8175
31.2462
27.4571
23.2842
37.9361
34.9310
31.8918
28.9280
25.9773
39.6730
36.7669
33.7383
30.7822
27.8435
33.0424
30.1071
27.0219
24.0497
21.1147
42.6432
39.9666
36.9272
33.8395
30.7238
42.2840
39.4002
34.4882
29.5155
24.4767
37.5059
33.7908
31.1061
28.1249
25.0352
37.1678
33.5237
29.6135
26.1034
22.0971
39.4023
34.2812
29.3189
25.1443
22.0885
36.4627
33.6505
29.9042
26.4072
24.7775
36.8270
34.1025
30.0128
25.1653
21.9895
38.3714
34.1549
29.8854
25.3403
21.6941
37.9057
32.5096
28.3139
25.8971
20.9271
32.4467
33.9689
27.3283
24.9766
21.5453
33.3006
29.0970
25.0801
23.0982
21.2612
25.0720
24.7632
24.4834
24.2937
24.9426
49.9888
45.5125
39.6132
35.9611
32.2945
53.3219
33.3000
48.5229
26.5244
43.2901
54.7073
52.7419
50.3151
47.6130
44.7462
37.5699
34.6056
31.5428
28.5676
25.5273
42.4928
38.7244
34.3836
29.2767
23.8833
36.2166
32.7874
29.4696
26.2440
23.4216
39.5479
36.2485
33.5294
29.1778
26.3281
36.8310
31.4738
27.9084
25.9897
22.3225
37.4181
33.7035
29.5794
25.3556
21.5232
38.1133
35.1324
32.1880
29.2617
26.4056
39.7620
36.8677
33.9100
31.0162
28.1610
33.2418
30.3507
27.3127
24.4148
21.5796
41.8275
39.0101
35.9404
32.8105
29.7397
42.3063
39.4549
34.5939
29.7349
24.8711
36.2234
32.8906
29.7714
26.8407
23.9422
35.9532
32.1587
29.9201
26.1898
21.8609
41.5643
36.4235
31.5798
27.4735
24.1182
38.9117
36.6396
33.4524
30.5438
28.6055
40.1468
37.5808
33.5137
28.5752
24.5510
36.5898
31.8620
27.5936
23.8427
20.9547
34.1672
30.0123
28.7127
22.9565
20.0861
37.2005
30.8149
27.1489
23.2743
20.4356
33.0420
33.8148
29.4151
28.1547
26.2294
24.7941
24.3119
23.6857
23.5817
24.3048
49.7763
42.3697
36.9063
33.3905
29.1641
53.3417
32.9957
48.7215
26.8984
43.6736
54.7292
52.8248
50.3110
47.5915
44.7008
37.9423
35.0162
32.0592
29.0309
26.1038
40.5709
35.9198
31.0677
25.8421
21.5522
35.9472
32.7801
29.8625
27.6339
26.6340
39.4344
36.4342
33.2326
30.1076
27.5598
36.3265
31.0003
26.8198
24.1379
22.4758
36.4257
31.9355
27.5139
23.7966
21.0336
37.8718
34.9261
31.8722
28.8830
25.8737
39.6531
36.7546
33.6695
30.6886
27.6584
33.0526
30.0824
26.9676
24.0242
20.9607
42.6821
40.0344
37.0109
33.9684
30.9608
42.2579
39.3859
34.4651
29.4424
24.3247
38.4788
34.7997
32.0765
28.9727
26.0366
35.6219
32.3238
28.7314
25.1423
22.3371
41.8266
36.7111
32.1115
28.6102
26.0504
38.2512
35.6966
32.4717
29.4827
28.0256
42.5013
39.4785
34.2679
28.7406
25.5809
36.6698
32.5016
27.7459
24.4210
23.2939
36.3239
33.7608
29.4716
23.9240
22.0614
33.3172
30.2618
28.9602
23.5475
25.0197
33.9326
34.7096
31.2741
29.2171
27.6941
28.8206
27.1300
26.0812
25.1200
25.7732
50.2247
44.6549
40.3054
34.8960
34.1395
54.3139
35.3495
51.5472
28.4898
47.6964
55.6499
54.0721
51.6798
48.5722
41.6920
37.6263
34.6503
31.7228
28.7490
25.7598
40.7530
36.3610
31.2817
26.1381
21.8588
36.0087
32.9000
29.9070
27.3220
27.7923
38.9748
36.4454
33.4870
30.5979
27.2360
37.9059
30.5040
25.9798
24.5926
23.6176
36.3388
31.8636
27.7949
24.6739
22.6652
37.9625
35.0441
32.0559
29.1990
26.2662
39.7173
36.8529
33.8684
30.9628
28.0263
33.0912
30.1507
27.1550
24.3171
21.3930
42.3533
39.8673
36.8281
33.7510
30.7211
42.2973
39.4554
34.6069
29.6367
24.6024
37.1235
33.5690
30.4563
27.6435
24.6784
36.4910
31.6581
28.0114
25.2655
23.1906
41.8549
36.8021
31.7602
27.4238
24.1466
38.2447
35.7427
32.2669
28.6665
26.5415
41.9593
39.1209
34.0944
28.4092
24.6254
36.9945
32.8408
27.8159
23.8398
21.3341
36.4075
32.3532
27.8891
22.8423
19.9918
35.4245
33.4316
26.9503
22.3718
21.4928
33.4905
31.0526
27.6523
27.1038
24.1505
26.3771
25.3581
24.7647
24.2298
25.4134
50.1953
45.7723
37.6783
36.5343
29.5872
54.3570
33.9305
50.5128
27.4319
46.1999
54.9694
52.9188
50.1100
45.7742
45.3063
37.6589
34.6916
31.8001
28.7421
25.8191
40.6121
36.1631
31.5495
26.5265
21.9402
35.7180
32.5299
29.5265
26.8692
24.9374
38.9067
36.0634
32.5615
29.0752
25.7065
37.0525
32.2087
26.7194
24.4603
21.9022
36.1738
32.6021
28.0160
23.9607
21.3435
37.9513
34.9761
31.9364
29.0576
26.0409
39.7136
36.8001
33.8026
30.9000
27.9884
33.0897
30.1109
27.0571
24.1154
21.2171
42.3737
39.4906
36.4582
33.3680
30.2832
42.2806
39.4006
34.5071
29.5579
24.6106
37.0709
33.3453
30.3655
27.4338
24.4910
37.2571
33.4154
29.2001
26.5832
22.8500
39.7701
34.7185
29.8536
25.8111
22.9595
36.6423
33.7812
29.8765
26.4914
25.2318
38.5217
35.9391
31.4389
25.9817
22.6410
38.1043
34.3489
30.1606
25.3780
21.7931
34.6863
28.9610
28.5551
26.2201
19.1715
32.5439
30.4504
29.8588
24.4113
21.7668
33.5537
29.5949
25.5084
24.0481
21.9753
24.2632
23.9794
24.0986
23.7102
24.2301
50.1641
44.4925
39.1711
35.0404
30.6270
54.4526
34.5471
50.5264
27.8042
45.8323
54.5559
52.3434
49.6359
46.9358
44.0405
37.5408
34.5953
31.5830
28.5870
25.6210
41.9501
38.1752
33.9543
29.0944
23.8836
36.0237
32.6490
29.3815
26.1813
23.7850
39.2755
35.9104
32.0697
29.0057
26.2586
36.6568
31.7022
28.8988
26.1895
23.2500
37.1169
33.5920
29.6261
25.4749
21.8641
37.9170
34.9468
31.9055
28.9558
25.9304
39.6787
36.7419
33.7415
30.7891
27.8195
33.0687
30.0959
27.0359
24.0704
21.1253
42.6733
39.0154
35.9838
33.5791
29.7635
42.2843
39.4022
34.4883
29.4957
24.4319
37.6125
34.4624
31.3452
28.5588
25.4783
36.6396
32.9118
29.6690
25.9859
22.7750
37.3487
32.1092
27.1472
23.0930
20.2878
37.6821
35.0934
31.7397
28.2540
25.9819
40.2743
37.5780
32.7914
27.0669
23.0744
37.2611
33.4903
29.9182
25.6999
21.5016
36.4273
31.6405
29.5739
21.9224
23.5035
35.7825
32.4664
28.8618
25.2169
20.3974
33.7692
30.2260
26.6747
24.6947
22.8371
24.2283
24.1645
24.3416
24.0020
23.9413
50.2174
44.8621
40.0107
34.6719
33.0665
53.8907
33.0155
49.2702
26.3422
44.3477
53.9702
51.7729
49.1405
46.3070
43.4282
37.5798
34.5904
31.6787
28.6632
25.6830
41.5039
37.2743
32.6972
27.8113
23.2223
36.0302
32.8435
29.5456
26.6688
24.1462
38.8930
35.5989
33.0172
29.8824
26.0121
35.7058
30.7498
27.8530
25.6615
23.0802
36.6693
32.8611
28.8924
25.1461
21.8609
38.8891
35.9593
33.0475
30.1435
27.3156
40.3737
37.5128
34.5568
31.7182
28.8386
34.2917
31.3443
28.3860
25.4964
22.6706
42.0886
39.1561
36.0453
32.8869
29.7250
42.4547
39.6276
34.8473
30.0625
25.2146
35.1144
31.7104
28.6239
25.4956
22.6701
36.1549
32.6888
30.5455
27.5173
23.4350
38.5607
33.3486
28.4884
24.4679
21.2457
39.8139
37.3763
33.7476
29.8066
27.2119
41.4139
38.9172
34.4860
28.8727
25.1837
36.9011
33.2017
28.3730
24.0919
20.7831
35.1357
34.3965
29.2894
23.7466
20.0683
34.2097
31.0967
32.0457
23.5310
19.8132
33.4037
30.1744
26.3524
24.9740
22.9128
22.4857
22.5596
22.8981
23.0061
22.8876
50.1867
38.3644
39.5482
29.8681
31.5543
52.8251
30.9967
47.2695
24.9564
41.7877
54.9084
52.9022
50.2848
47.5340
44.7573
38.1177
35.1768
32.2374
29.2903
26.3678
40.8417
36.4894
32.0638
27.1344
22.2687
36.4303
33.2856
30.5638
28.0892
26.3466
38.3694
35.9484
33.0968
31.0053
27.8688
36.1471
31.1509
27.2815
24.9141
21.6331
37.2721
33.0950
28.5225
24.1724
20.9384
37.9443
34.9558
31.9145
28.9191
25.9562
39.6919
36.7694
33.7181
30.7197
27.7276
33.0953
30.0665
27.1004
24.0747
21.0197
42.5718
39.7122
36.7158
33.6125
30.6530
42.2191
39.3419
34.4202
29.4196
24.3402
38.0618
34.8522
31.9246
28.7362
25.8728
36.6822
32.8725
30.1102
26.3370
23.9619
38.6476
33.5239
28.7900
25.0552
22.3246
37.5720
34.7555
30.8290
26.9656
25.1370
40.1365
37.4384
32.6563
26.8295
22.5561
38.3283
34.4791
30.3506
25.4550
21.7238
30.7121
32.2507
29.3383
26.1680
18.9163
36.0073
30.3854
27.6003
22.9480
22.3677
33.9447
29.6501
25.7095
23.5982
21.6830
24.8631
24.4201
24.2447
23.9034
24.2893
50.3515
42.8367
40.2730
33.3114
33.4249
54.1215
33.5167
51.0923
26.8130
46.7655
57.3868
55.7433
53.6411
50.6974
47.4602
37.6776
34.6903
31.7418
28.7265
25.7466
42.1505
38.5354
34.4706
29.6267
24.2734
36.4193
33.2413
29.9791
26.8198
23.9247
38.5549
35.8029
33.0264
30.1312
27.8053
37.1542
32.2143
28.6235
26.1420
22.8275
37.7122
34.0733
29.6798
25.3036
21.8040
37.9229
34.9466
31.9192
28.9212
25.9068
39.6724
36.7571
33.7127
30.7285
27.7424
33.0942
30.1236
27.0466
24.0473
21.0518
42.3778
39.7845
36.7019
33.6086
30.5416
42.2524
39.3660
34.4430
29.4317
24.3778
37.8480
34.4562
31.3807
28.4098
25.4923
36.7044
32.9523
30.0372
26.8256
23.7396
39.8480
34.7107
29.9083
26.0006
23.1433
37.1684
34.4058
30.8662
27.8595
26.3581
38.6882
36.2979
32.0015
27.0207
23.5540
37.7498
33.6935
29.3068
24.8660
21.6278
36.1339
32.3213
29.8784
26.2461
20.1857
36.1556
31.6129
28.3646
24.5269
22.2712
33.4970
31.7019
28.0367
25.5401
23.8759
25.9343
25.4546
24.9634
24.7003
24.8275
50.3065
43.4646
40.2850
33.8610
33.9768
54.0422
33.6808
49.9439
26.7244
45.0717
54.3484
52.0730
49.4509
46.5882
43.6173
37.6361
34.6477
31.7183
28.6982
25.7461
42.0090
38.2332
33.5218
28.2281
23.1591
36.0914
32.8002
29.6077
26.5924
24.1893
38.9197
36.0222
33.1057
30.0996
27.2904
36.9315
31.8263
27.9144
25.4116
22.3382
37.0329
33.2035
29.0089
24.8627
21.7382
37.9298
34.9387
31.9175
28.9792
25.9519
39.6939
36.7561
33.7410
30.8121
27.8491
33.1186
30.1228
27.1014
24.0624
21.1279
42.4293
39.3930
36.2823
33.1296
30.1624
42.2345
39.3540
34.4449
29.4670
24.4574
37.4943
34.2484
31.2657
28.2807
25.3578
35.4729
31.6373
28.3587
25.2994
22.1373
41.8579
36.6860
31.6248
27.2540
24.0147
39.6890
37.3070
33.8320
30.4052
27.8753
40.7580
38.0960
33.7772
28.4700
24.3648
35.6009
31.3580
27.6204
24.4137
21.7264
34.7328
32.1513
27.0313
23.2683
20.2861
36.2781
30.9378
28.1941
22.5068
21.7173
33.9809
32.7920
30.4322
27.5395
25.6325
24.0357
23.8327
23.5959
23.5246
24.0289
49.6421
43.4743
39.6782
33.6837
33.6198
53.0253
32.6567
48.6187
25.9692
43.5365
55.1911
53.1941
50.9845
48.3649
45.5445
37.5567
34.5550
31.5278
28.5233
25.5403
38.7718
33.9504
29.3832
25.4168
21.7596
35.6060
32.7572
29.8839
27.2617
25.3909
39.4575
36.4930
33.4576
30.8604
27.5705
35.7190
30.4331
26.7823
24.3147
22.2859
35.6421
31.6235
27.4867
23.8671
21.6305
37.9063
34.9541
31.9010
28.9240
25.8623
39.6653
36.7362
33.6928
30.6790
27.6786
33.0671
30.0673
26.9925
24.0551
21.0179
42.0129
39.2862
36.2962
33.2288
30.2799
42.2517
39.3696
34.4502
29.4338
24.3616
38.2153
34.6397
31.7996
28.6786
25.7049
36.2114
32.2543
28.5106
25.6964
22.5032
39.7121
34.6466
29.9750
26.3019
23.6997
37.7046
34.9195
31.0001
27.4327
25.7670
39.9170
37.2366
32.7131
26.9826
23.6266
37.7092
33.8453
29.7642
25.3753
22.3093
33.8042
31.9439
29.9284
26.4434
19.9673
32.0671
28.8228
26.4018
23.3245
20.7066
33.5565
30.5175
26.8865
24.9759
23.2250
28.8103
26.9716
25.9207
24.9842
25.9001
50.2935
44.0482
40.3577
34.6754
34.3123
54.1750
35.3182
51.3560
28.3029
47.5033
54.2648
51.9610
49.1232
46.5318
42.8663
37.5811
34.6512
31.6735
28.6742
25.6393
41.5128
37.3905
33.2243
28.2937
23.5424
35.9615
32.7641
29.5333
26.5648
24.0009
39.3107
36.3092
32.7896
29.1736
26.5861
36.9741
31.8408
28.5828
26.1756
23.0611
37.2233
33.4818
29.6891
25.2354
22.4635
38.3452
35.4392
32.4335
29.5115
26.5876
39.9759
37.1225
34.1386
31.2378
28.2547
33.6955
30.7960
27.7775
24.8815
21.9042
40.4702
37.4450
34.5245
31.5042
28.4485
42.0988
39.3029
34.4983
29.6174
24.7038
36.2199
33.0397
29.9848
26.9910
24.1166
34.5708
31.6560
28.4988
25.7479
22.4274
28.8484
23.9776
20.5146
18.6781
17.8768
41.6503
38.4827
34.0582
28.4308
24.7669
32.7665
31.6698
28.8341
25.0133
21.2702
40.1248
37.2839
33.4826
30.7288
26.7979
32.3466
30.3755
28.2894
25.4877
23.4579
34.4970
35.4301
27.8297
30.1760
24.9639
33.5577
25.5152
24.5922
23.6338
21.9566
21.4493
21.7993
21.6919
22.0826
23.3902
43.1588
41.2565
33.2589
31.9023
27.6493
50.9200
30.8629
47.9360
24.9424
43.4703
57.2562
56.0909
54.3591
52.4821
50.0850
37.8607
34.9498
31.9425
28.9687
26.0022
41.8803
38.7642
35.7456
32.6964
29.1757
37.1105
34.2345
34.9909
28.4349
25.8628
39.7442
36.9010
33.4387
30.4631
26.9582
38.7625
34.0393
30.9761
28.8841
26.9862
38.9774
36.5531
32.9237
28.5947
23.9825
