42.0251
38.6823
35.2218
31.9386
28.6224
42.7067
39.6180
36.4271
33.3603
30.1810
35.2192
31.8494
28.5404
25.3420
22.2358
50.6076
47.3037
43.8699
40.6721
36.8932
48.8610
45.6341
40.0930
34.4163
28.6062
41.9066
38.2844
35.1869
31.9573
28.6464
40.1283
36.3552
32.4363
28.6745
24.8663
44.5364
36.7602
30.2351
26.2216
23.4956
40.2937
36.8868
31.8742
27.4977
25.7596
44.4502
42.4648
36.9057
28.7427
23.7291
45.4977
40.8792
35.1196
27.8852
23.0388
37.2806
35.8245
31.3351
28.4898
25.8030
41.6495
31.8136
28.2279
26.7213
27.0313
35.9484
32.7694
28.3396
26.4111
24.2072
26.6174
25.7098
25.2124
24.5568
24.5468
50.8004
46.4051
40.2687
36.8932
33.5902
59.5068
37.1139
52.8813
29.7869
47.4219
54.8020
52.3704
49.1426
46.3911
43.3996
41.8868
38.4938
35.0614
31.6837
28.4088
51.2267
47.2749
42.3600
35.5786
27.8097
41.3714
37.3447
33.1545
28.9607
25.4218
41.9681
38.8379
33.5087
31.1038
28.0790
39.9043
34.5131
31.2571
28.0403
23.8021
43.2229
38.8257
33.1530
27.0145
23.1506
41.4099
37.9780
34.6625
31.4334
28.3906
42.8712
39.6490
36.4154
33.3882
30.3407
34.6109
31.4458
28.2738
25.1612
22.2592
51.4028
47.6255
43.6151
39.3399
34.9457
48.7613
45.2557
39.4418
33.8106
28.3067
39.4233
36.2787
33.0050
29.8722
26.9283
38.0571
35.9911
31.7327
28.5344
25.4438
47.6932
41.1310
35.1858
30.7718
27.4213
40.8567
37.9451
34.2843
31.3272
29.4521
41.2884
38.9438
34.7449
29.7870
26.7778
38.9672
34.0065
29.0995
25.8005
23.5618
35.6962
34.7972
24.9316
24.5206
21.6328
35.3356
31.9139
28.1948
24.3195
21.8139
35.5337
36.3477
32.4878
31.0144
28.7849
27.6075
26.2131
25.4844
24.7270
25.3343
50.6472
46.2450
39.8546
36.4670
32.8821
54.0441
38.9780
46.7186
31.7691
40.7737
53.0480
50.5139
47.4153
44.4901
41.5175
41.7372
38.2441
34.9876
31.6643
28.5063
46.9506
40.0901
33.0141
26.9605
22.8338
38.3965
34.6528
31.2666
28.5119
27.4380
41.9267
38.1832
35.1867
32.0289
27.2365
38.4090
31.8177
27.1020
25.3461
25.4218
38.9388
33.7749
28.9448
26.1167
25.8496
40.8344
37.7082
34.4470
31.3012
28.2386
42.4152
39.3394
36.2012
33.1402
30.1029
34.4780
31.4082
28.2465
25.1851
22.1843
49.2114
45.3810
41.7993
37.8221
33.6934
47.2557
44.1246
38.7918
33.4323
28.0509
40.2965
36.9159
33.7343
30.5687
27.5401
36.7767
32.6067
29.4533
26.5868
22.7688
47.2836
41.0757
35.2310
30.3989
26.6230
43.1835
40.3775
36.3977
32.3478
29.4716
43.0315
40.6371
35.9030
29.8731
25.1105
39.2315
33.0939
28.3907
24.5481
22.0016
36.8938
34.2207
25.0335
23.5762
20.6763
39.0058
31.1429
30.0724
23.5985
19.2805
34.1840
36.3017
31.7832
30.1725
27.9532
26.5273
25.5858
25.3405
24.6114
25.2397
50.2696
44.6490
39.3407
34.6527
32.4591
54.8452
34.3880
49.5709
27.3463
44.1208
55.3556
53.8492
51.0791
48.4134
45.5305
40.4297
37.1315
34.0280
30.8085
27.6380
43.1483
37.8704
31.9108
26.3365
21.8267
38.4316
34.9907
31.8066
28.8198
27.0099
43.5305
40.2836
37.1703
31.2595
28.5198
38.0121
32.1115
26.8408
24.3680
22.6690
38.7076
33.1315
27.9617
24.2334
22.0805
41.1003
37.8425
34.5008
31.3528
28.2020
42.5662
39.4248
36.2104
33.1200
29.9874
34.4944
31.3703
28.1499
25.1339
22.1045
48.0716
44.3019
40.7280
36.8185
33.0228
48.1117
44.7968
39.1976
33.6596
28.1304
40.6845
36.8082
34.0188
30.7438
27.6356
37.8725
33.4708
30.5846
25.8950
22.7217
49.2821
42.7799
36.8163
31.8005
27.8365
41.4505
38.7242
35.2860
31.9637
29.4475
43.3341
40.4991
35.5089
30.0423
24.5572
36.7375
31.7394
27.8804
24.4238
22.1385
35.9478
32.8116
30.0529
23.0885
21.3662
36.3921
30.6014
27.2365
25.1867
19.5767
34.1567
38.9284
33.4863
31.9757
29.7552
29.3703
27.7290
26.8285
26.0777
24.7063
50.6609
46.2422
39.6236
36.6623
32.7060
57.3792
37.1161
51.1503
29.9115
45.6499
53.5604
50.8841
48.1494
45.3082
42.3721
41.1647
37.8687
34.6042
31.3889
28.2464
44.0780
36.5160
30.1382
25.4006
21.6529
37.8791
34.3608
31.2223
28.5730
27.3586
42.5590
39.2487
35.0481
31.8380
26.7376
36.7821
30.7957
27.0892
25.2388
23.6420
36.9083
31.7606
27.7493
24.8304
23.2292
42.8936
39.3559
35.8887
32.5555
29.2297
43.5439
40.2077
36.9252
33.7281
30.6712
35.6555
32.2915
29.0069
25.7859
22.6752
51.5304
48.0734
44.2518
40.4106
36.3586
50.1336
46.6832
40.7798
34.8442
28.9318
40.8664
37.0822
34.0222
30.6439
27.4198
40.5314
36.0389
31.9054
27.3965
24.2176
46.4019
37.6279
30.0416
24.9646
21.5496
41.1794
37.7135
32.5455
27.3572
24.4938
40.1374
37.8165
33.9035
27.3101
22.7667
43.9793
39.7627
35.3501
29.5105
23.5736
36.6773
34.3599
31.1963
22.6912
23.9089
39.1162
33.4700
32.5437
25.9718
22.5434
35.3842
29.8736
25.2465
22.8811
20.4020
23.3978
23.3246
23.3379
23.2045
24.7969
50.7315
45.2501
39.1032
35.0962
30.9050
58.6576
33.9223
51.4807
26.9320
45.4796
56.8278
54.3397
51.5922
48.6016
45.7136
42.4640
39.0354
35.5489
32.0662
28.6614
51.0004
46.3504
41.2077
34.9766
28.5268
40.8533
36.7396
32.7272
28.7293
24.8025
45.4812
41.2127
36.5839
31.4813
28.3328
39.1743
33.9843
30.9826
28.7293
25.9752
41.5419
37.7791
33.5857
28.7164
23.5978
41.8706
38.6215
35.1574
31.9402
28.6548
42.7451
39.5945
36.4222
33.2795
30.1830
35.2783
31.9729
28.6869
25.6186
22.4958
50.1126
46.8484
43.2833
39.4921
36.1924
47.8426
44.6630
39.2767
33.8133
28.3162
40.7012
36.8660
33.6325
30.5228
27.4043
38.5547
34.7867
32.2685
28.4987
24.8135
42.2281
35.4633
29.4497
25.1746
22.1631
40.4615
37.0553
32.3423
28.1709
25.8569
43.3242
41.2589
36.5772
28.5597
23.8961
43.8595
39.2960
34.0667
27.7130
22.4797
37.1898
32.7945
30.3643
27.8220
22.9176
39.7279
38.8885
30.4882
26.1975
23.2451
35.6709
32.2050
27.3453
25.3497
23.2440
25.3248
24.7366
24.5248
23.9934
23.9460
50.7894
40.7945
40.3318
31.6701
33.9061
56.3870
32.3217
49.8936
26.0190
44.1803
54.7527
52.0593
49.2683
46.3586
43.4093
40.7189
37.5052
34.3530
31.1427
27.9854
49.4706
45.3936
40.2673
34.3320
27.1665
40.4177
36.6012
32.6383
28.8619
25.5998
43.0549
38.9998
34.8710
32.9222
29.9327
40.2089
34.7736
31.0320
28.5281
23.1191
41.7144
38.1062
33.2468
27.4752
22.3646
41.7248
38.3971
35.0136
31.7102
28.4707
42.8121
39.6636
36.4117
33.2977
30.1324
34.9267
31.6674
28.4445
25.2814
22.1893
50.9830
47.4508
43.8556
39.8628
35.9891
48.6380
45.3861
39.8106
34.1578
28.4522
41.1183
37.9753
34.7952
31.5459
28.4417
37.6220
34.0235
29.9230
25.9690
23.2670
45.7744
39.3186
33.4357
28.0183
23.5932
42.8447
39.6841
34.9821
30.3244
27.0499
42.0960
39.6888
35.4643
28.7571
24.2918
40.0471
34.2076
29.2201
24.9991
21.9893
34.6190
33.3462
30.0527
25.9337
20.5176
36.7816
32.5591
27.7294
24.0027
21.3184
34.3667
34.2574
29.3942
26.8042
25.1579
27.1238
25.9259
25.1928
24.7498
25.1181
50.7448
46.2433
40.0126
36.5987
33.0661
57.3859
36.0694
51.7847
28.8346
46.4292
55.5847
53.2313
50.5258
47.5749
44.7822
41.1849
37.9253
34.5803
31.3366
28.1443
45.1968
39.5785
33.0719
27.4556
22.6324
38.7759
35.1386
31.5325
28.2071
25.2190
42.9818
39.3733
35.3928
32.1240
27.1454
37.6118
31.6772
27.5648
25.6510
23.3010
39.5893
34.5201
29.1750
25.0248
22.3339
42.4778
39.0616
35.6714
32.3383
29.0675
43.1895
39.9111
36.6905
33.5556
30.4315
35.6147
32.3149
28.9896
25.7622
22.6314
50.3747
47.0965
43.4769
39.7479
35.9303
49.3346
45.9451
40.2295
34.5363
28.8343
40.7811
37.6930
34.2500
30.8125
27.5815
40.7833
36.3281
32.6026
28.9248
25.0817
41.4958
33.9269
27.6417
23.1087
19.8480
41.1582
37.9394
33.4245
28.6318
25.1717
41.6103
39.5315
35.3457
28.7188
23.9760
43.6850
39.0903
34.3437
30.3276
23.9567
39.3747
35.1112
30.5561
27.9442
19.3690
41.2821
31.0079
34.7832
28.2873
21.8637
35.4035
29.4227
24.3319
23.0138
20.1852
23.2244
23.0985
23.3432
23.2927
25.0759
50.8532
44.0172
40.3805
33.8118
33.4203
57.9917
32.9599
50.6804
26.8051
44.6739
58.5495
56.0118
52.9261
50.4657
44.4501
41.7935
38.5310
35.2597
31.9518
28.7268
50.6916
46.2628
40.9930
34.8421
28.9262
41.0199
37.0438
33.1496
29.3472
25.7207
43.2012
39.3236
35.9224
32.0363
29.3972
38.6285
33.3953
30.1234
28.1431
25.9251
41.8227
38.2311
34.2041
29.2401
23.9148
41.2211
37.9793
34.7293
31.5342
28.3814
42.5216
39.4186
36.2056
33.0753
29.9971
34.7388
31.5382
28.3480
25.2595
22.1342
49.8088
46.3549
42.5489
38.5103
34.4798
47.8591
44.6845
39.2962
33.8597
28.3275
41.0831
37.5498
34.5457
31.3575
28.2065
38.2254
34.3025
30.9418
26.7070
23.5503
46.0734
38.8858
32.4583
27.0172
22.8855
42.4407
39.4873
35.0753
30.7464
27.2036
42.9552
40.4738
36.1585
29.6140
25.4022
40.3784
35.9763
30.1034
25.0968
21.5078
38.1023
35.3478
30.0467
27.1286
21.3602
36.7517
32.2361
27.4409
24.9816
25.4056
34.5555
33.4111
28.3329
26.2219
24.2600
25.2070
24.7677
24.4840
24.2054
24.8867
50.6885
46.2660
40.1005
36.5152
33.6958
57.4667
34.4511
52.1292
27.4999
46.6919
58.0608
56.5482
54.0804
51.2874
48.6207
40.9077
37.6540
34.5394
31.2956
28.1628
45.0986
39.7663
34.2154
28.3499
23.0523
39.1915
35.5650
31.9563
28.6714
25.3844
42.8002
39.2216
35.8434
30.1794
28.5259
36.6966
31.4414
27.4445
25.2690
22.4728
40.4265
35.3585
29.6890
25.1002
21.7574
41.2843
38.0007
34.6591
31.4640
28.2773
42.5420
39.4018
36.1418
33.0835
29.9733
34.7368
31.5368
28.3463
25.2162
22.1205
48.3452
45.3203
41.6878
37.9145
34.2448
47.9365
44.6873
39.1853
33.6733
28.1390
41.5950
37.7129
34.6123
31.4015
28.3501
37.9951
34.1024
30.1297
26.1691
23.0012
47.5999
40.3970
33.7636
28.5102
24.5933
41.7817
38.8492
34.3529
29.9364
27.2877
43.5007
41.2039
36.5461
29.6914
25.9320
40.3082
35.1719
29.4000
24.8856
21.6433
37.3521
34.5595
30.1017
23.7202
20.2735
39.7610
31.3369
28.3923
22.9919
24.3626
34.6771
32.5618
28.1557
26.0260
24.7683
26.0248
25.4436
25.1208
24.6944
23.8563
50.7407
44.0700
40.1748
34.1653
33.3703
58.2259
34.6135
52.8387
27.9244
47.4680
56.9196
54.5537
52.2791
48.7044
44.7823
40.7738
37.5713
34.2707
31.1224
27.9739
44.7966
39.1433
33.3548
27.7952
22.7910
38.7765
35.0601
31.6660
28.4212
25.5459
42.6359
38.2282
35.2226
33.4782
29.7152
38.2248
32.9777
27.7925
24.5347
22.2583
39.8225
35.1119
29.4243
24.8560
21.8792
41.8701
38.5041
35.1220
31.9343
28.7571
42.9177
39.7561
36.5190
33.4335
30.3642
35.0233
31.7213
28.5795
25.4280
22.4470
51.0001
47.9978
44.2947
40.4776
36.4815
48.8386
45.5634
39.8715
34.1319
28.4519
40.2753
37.0475
33.7772
30.5495
27.3347
39.1700
34.6051
30.8682
27.1274
23.5530
45.1856
37.9857
31.5182
26.9402
23.7026
40.9531
37.6524
33.0421
28.9213
26.4482
42.2861
39.9721
35.5164
28.6782
23.8727
42.6774
38.3347
33.3742
26.7617
22.4056
38.8941
32.8062
30.5866
26.2396
23.0415
33.0531
35.5523
26.9576
24.6977
22.0739
35.7203
31.2363
27.2111
24.9014
23.2660
25.8606
25.2929
24.7493
24.1573
27.1605
50.7223
46.2877
38.7681
36.6314
30.8635
57.7660
35.2985
52.0962
28.4844
47.0055
56.4465
54.1458
51.2498
48.3228
45.4621
41.8223
38.3395
34.8831
31.5237
28.2532
49.3856
44.5644
39.0561
32.4733
25.7580
39.8717
36.0861
32.1008
28.5931
25.6441
43.8741
40.0554
35.0320
31.1165
28.0467
39.1794
33.9592
30.7825
27.3095
23.4550
41.2355
37.2682
32.4640
26.6549
22.3539
41.1097
37.8378
34.5176
31.3247
28.2548
42.5071
39.3151
36.1603
33.0409
29.9475
34.6369
31.4564
28.3115
25.1467
22.1768
49.4324
46.2104
42.4586
38.4557
34.5207
47.5250
44.3152
38.8249
33.3567
28.0083
40.0223
36.4525
33.2800
30.2730
27.0550
37.4054
33.3378
29.6081
26.6019
22.9288
42.0434
36.3214
31.1921
26.9715
23.5400
40.7398
38.0663
34.3051
30.9173
28.7328
43.8616
41.2393
35.9620
29.9231
25.4858
39.5585
34.3467
28.8254
24.8624
21.9394
37.4186
33.7534
30.7816
23.4826
22.2192
34.7725
34.6934
29.0981
24.9704
30.9510
35.0784
34.8215
29.7445
27.8927
25.3605
24.8911
24.4596
24.1761
23.6076
25.3870
50.7633
42.5734
40.3980
32.5344
34.2858
56.3278
33.4459
50.5069
26.4766
45.1988
54.9920
52.6645
49.8457
47.0505
44.2442
40.5870
37.3013
34.0830
30.9298
27.7631
45.1928
39.0218
32.9639
27.1608
22.4580
38.4410
34.7482
31.4826
28.4921
26.9148
42.5542
39.5040
35.5841
31.0876
28.5949
37.8362
32.0286
28.2575
25.1492
22.8889
38.9162
34.2895
29.0463
24.5458
21.8794
42.4814
39.0428
35.5050
32.1107
28.8253
43.0600
39.8367
36.5679
33.4735
30.3700
35.4191
32.1297
28.7487
25.5635
22.4243
50.1060
47.3533
43.7970
40.3116
36.4190
49.4195
46.0026
40.2445
34.4565
28.6745
41.2923
37.7708
34.5113
31.2585
28.0085
41.6467
37.9881
34.0162
29.5703
24.9528
43.6276
35.7085
28.8905
24.5597
21.9259
39.7351
35.9825
30.7471
26.3347
24.3028
42.6065
40.7453
36.3136
28.1195
23.0942
45.6835
43.0239
38.5375
32.5369
24.9816
40.0632
34.2517
25.3005
29.0466
25.2129
44.8826
40.3871
31.3150
28.7200
23.0100
35.5327
28.8682
24.4256
23.1071
21.2052
26.6456
25.8209
25.4463
24.7381
24.5745
50.8558
44.4265
40.3279
34.4993
33.7132
58.5856
34.7096
51.4184
27.7231
45.5034
54.5323
51.7805
49.0098
46.0033
43.0915
42.0771
38.5913
35.1522
31.6722
28.3309
52.3321
48.8019
44.4878
39.4559
33.2597
41.6287
37.7721
33.9163
29.7363
25.7521
44.0558
40.2499
36.3019
33.8531
28.3853
41.6281
36.4643
33.2776
31.1953
27.9064
42.1298
39.3224
35.2201
30.6198
24.8037
42.5403
38.9590
35.3861
32.0215
28.7467
43.3799
40.1584
36.8191
33.6083
30.4544
35.2593
31.9737
28.6042
25.4171
22.3240
52.5539
49.2127
45.2395
41.0744
36.7887
49.7750
46.3567
40.4785
34.5639
28.6604
41.1613
37.0862
34.3380
31.1333
27.7076
40.7708
36.3758
31.6555
27.5774
23.2548
47.1035
39.0913
31.8113
26.5743
22.8929
40.5999
37.1398
32.3122
27.9872
25.7111
39.2056
36.4230
32.3836
26.8455
22.9559
43.8337
38.5797
33.0692
26.9431
22.4935
40.5807
33.2281
28.6491
27.5538
21.8218
34.1635
37.9864
28.8259
26.3691
22.5572
34.6623
30.7005
26.0996
23.8663
21.8954
25.6602
25.2454
24.8655
24.5831
25.1755
50.7666
46.2268
40.0921
36.3699
32.9103
56.6950
34.2326
49.5036
27.2304
43.6155
55.6977
53.3483
50.6546
47.7911
44.8380
41.8808
38.4582
34.9116
31.5433
28.1856
51.3033
46.2508
40.1807
33.0081
25.8972
40.6168
36.2898
32.1986
28.2830
24.8402
45.1965
40.7130
37.4901
31.6378
28.5610
39.5735
33.6121
29.6127
27.4583
23.1977
42.8285
37.8632
32.5413
26.9556
22.2897
41.3011
37.9972
34.7861
31.6676
28.6604
42.6109
39.5039
36.3631
33.3369
30.3736
34.7286
31.6792
28.5043
25.5232
22.6290
47.9649
44.5821
40.7913
36.8905
33.1032
47.6193
44.4255
38.9699
33.5917
28.2859
38.9698
35.5537
32.2510
29.1812
26.1371
37.5878
33.3469
30.9529
27.0314
22.4474
44.9394
39.0059
33.4592
28.6760
24.8060
41.9840
39.2524
35.3950
31.9147
29.4422
42.3162
39.7578
35.4820
29.7502
25.1755
39.8978
33.8362
28.7695
24.4950
21.3049
36.0842
31.0122
30.7180
23.4435
20.5997
39.5153
32.2957
28.3998
24.0284
21.1820
34.4943
35.4877
30.4948
29.0670
26.9234
25.1197
24.5608
23.9004
23.7312
24.4137
50.4211
42.9228
37.1835
33.7426
29.4014
55.8351
33.5550
49.4956
27.3287
43.8986
55.4314
53.2404
50.5211
47.6909
44.7277
40.8053
37.7015
34.5269
31.2898
28.2353
45.5359
39.5860
33.4190
27.0743
22.2244
38.5663
34.8903
31.5582
28.9963
27.6588
43.3327
39.6799
35.8796
32.2282
29.1590
38.0317
32.3280
27.8833
24.7836
22.9731
39.5722
34.0797
28.8079
24.4767
21.3895
40.9873
37.7482
34.4442
31.2564
28.1017
42.3371
39.2912
36.0417
32.9552
29.8374
34.5213
31.3929
28.1349
25.1142
21.9870
49.8390
46.8034
43.2039
39.4822
35.7699
47.6713
44.4758
39.0152
33.5275
28.0325
41.4393
37.5215
34.6941
31.4417
28.3306
37.2736
33.6476
29.7439
25.9759
22.8708
46.1148
39.6740
34.0077
29.8034
26.7993
41.2501
38.1931
34.3071
30.7474
28.7739
45.4071
42.7801
36.9099
30.0421
26.2805
40.1562
34.8054
28.7915
24.8967
23.5884
37.7588
35.6410
31.3112
24.7285
22.8540
35.0697
31.5355
30.5427
24.4658
26.9888
35.3929
36.4617
32.4184
30.1191
28.4334
29.2082
27.3757
26.2543
25.2429
25.8961
50.7353
45.1033
40.3808
35.0830
34.2096
57.5391
35.7903
53.0624
28.8162
48.2034
56.3774
54.4877
51.7702
48.7470
41.8827
40.5934
37.3582
34.2210
31.0629
27.9315
45.8204
40.2815
33.8030
27.3895
22.4840
38.7919
35.1987
31.7566
28.8892
28.4482
42.4606
39.8811
36.3960
32.6849
28.4780
40.1814
32.2670
26.6781
25.0344
23.8357
39.5978
33.9575
28.8747
25.1647
22.8666
41.3776
38.1521
34.8910
31.7986
28.6649
42.5131
39.4985
36.3665
33.3368
30.2794
34.7327
31.5942
28.4458
25.4985
22.4866
50.0074
47.0317
43.2309
39.2728
35.3706
48.0543
44.8782
39.4016
33.8024
28.2480
40.0923
36.3024
33.0686
30.1027
26.9708
38.6029
33.1070
29.1272
26.2461
23.9790
47.7660
40.7658
34.1503
28.7936
24.9277
41.3034
38.3270
34.2147
29.9977
27.3235
44.7003
42.3568
37.0590
30.0315
25.5486
41.0930
35.8880
29.2624
24.5940
21.7315
38.5006
34.1755
28.6505
23.4193
20.5797
38.6727
36.4805
28.1017
22.9209
22.6191
35.0650
32.7725
28.6911
27.8797
24.7799
26.8429
25.7162
25.0710
24.4805
25.6005
50.7908
46.2981
38.0875
36.7525
29.9763
57.9168
34.4578
51.8512
27.8642
46.6243
55.5110
53.0082
50.3610
46.2826
45.8282
41.1957
37.8560
34.6889
31.3523
28.2388
45.6536
40.2574
34.5138
28.2584
22.8191
38.7621
35.0095
31.4765
28.4264
26.1100
42.2667
39.3046
35.0562
31.1857
26.8764
38.9685
33.9486
27.9877
25.3036
22.3592
39.6311
35.5019
29.6358
24.7454
21.7217
42.3026
38.7871
35.2758
32.0465
28.6994
43.2261
39.9675
36.6830
33.5624
30.4665
35.1725
31.8859
28.5593
25.4321
22.4030
50.5537
47.0229
43.2630
39.3040
35.3010
49.5794
46.0869
40.1927
34.3268
28.5662
40.4911
36.5456
33.4215
30.2814
27.0746
40.6444
35.8026
30.9834
28.0801
23.9191
48.5212
39.9262
32.2914
27.1856
23.7148
40.5393
36.9545
32.0085
27.8384
26.0445
40.7428
38.5701
34.4222
27.8992
23.6640
42.9653
38.8384
33.2756
26.8099
22.4634
36.6810
29.4513
30.0503
28.0596
19.6486
34.3686
32.9413
32.9813
25.8778
22.9579
35.2132
31.2874
26.5230
24.8673
22.6705
24.8011
24.4118
24.4859
24.0450
24.4713
50.8208
45.4060
39.7451
35.6455
31.2400
59.2689
35.9649
52.2386
28.8278
46.4140
55.4873
52.8510
49.8793
47.0587
44.0724
42.1280
38.5552
35.0300
31.5948
28.2783
49.7024
44.7201
39.0691
32.5273
25.8178
39.9074
35.7958
31.8633
28.0221
25.0192
43.9066
39.5970
34.7287
30.7981
27.8360
38.8448
33.5510
30.5930
27.5579
24.3412
41.0158
37.1748
32.4806
26.9701
22.5138
41.8227
38.5011
35.1155
31.8973
28.6107
42.7680
39.5934
36.4194
33.3234
30.2287
35.0990
31.8656
28.5853
25.4469
22.3699
50.6463
46.3166
42.6592
39.6801
34.7946
48.7251
45.3950
39.7856
34.1672
28.5119
41.2600
37.8801
34.5457
31.5142
28.1485
39.3751
34.9297
31.2666
27.1396
23.7252
42.1658
34.8180
28.8322
24.0538
20.8411
41.5497
38.4648
34.3190
30.0936
27.1163
42.7498
40.5966
36.2154
29.3456
24.3163
41.6796
37.5904
33.3205
27.5237
22.3692
38.6658
33.5120
31.1934
22.3014
24.8686
40.1342
35.1768
31.2060
27.0155
21.3008
35.5765
31.8880
27.8030
25.6658
23.6589
24.7194
24.5757
24.6555
24.2558
24.1005
50.7782
45.6837
40.2095
35.3226
33.4031
57.5361
34.0467
50.5575
27.1314
44.7993
54.7575
52.1857
49.3370
46.3878
43.4619
41.6029
38.2306
34.9784
31.6122
28.3362
48.1989
42.8083
36.9869
30.7204
24.9432
39.9809
36.1873
32.2508
28.8099
25.7169
42.8816
38.8355
35.9384
32.5182
27.8524
37.3185
32.0705
29.0452
26.7708
23.9722
40.5672
36.3147
31.4978
26.7145
22.7477
41.9603
38.7926
35.7081
32.6104
29.6482
43.0017
39.9792
36.8940
33.9597
30.9934
35.9578
32.8093
29.7247
26.7217
23.8177
48.8053
45.3226
41.5166
37.5444
33.5393
46.4643
43.4767
38.4615
33.4740
28.4375
37.6475
34.3128
31.0842
27.8137
24.9028
37.4856
33.7927
31.7339
28.4951
24.1276
41.5282
35.7029
30.2100
25.5799
21.8890
42.7681
39.9967
35.8168
31.4107
28.2380
43.6413
41.4218
37.1441
30.7399
26.3479
40.6214
36.5990
30.2146
25.1804
21.3487
37.1453
34.6899
31.2006
24.5123
20.7745
34.9428
33.0088
35.0423
24.9576
20.4329
34.9355
31.7751
27.3793
25.8244
23.6463
22.7690
22.7915
23.0943
23.1595
23.0031
50.6504
38.8350
39.8171
30.2213
31.8864
54.7163
31.4694
47.7889
25.3636
41.9495
55.6068
53.3156
50.4887
47.6165
44.7993
40.4951
37.4768
34.4330
31.4036
28.4199
45.2902
40.4346
35.3144
29.2207
23.3941
39.3567
35.7397
32.6231
29.7807
27.7111
41.4012
38.9667
35.5734
33.9145
30.0342
37.8470
32.6610
28.5037
26.0900
22.3160
40.9016
36.2596
30.5420
25.2710
21.5322
41.5533
38.2624
34.9397
31.6808
28.5065
42.6919
39.5394
36.3100
33.1674
30.0674
34.9566
31.6971
28.5435
25.3556
22.1803
50.5955
47.2846
43.7581
39.9909
36.2980
48.0376
44.8088
39.3441
33.8644
28.3195
41.4417
38.1111
35.0345
31.5335
28.4481
38.9153
34.5112
31.5136
27.4363
25.0367
44.8890
37.5374
30.9172
26.3459
23.0686
41.3455
38.1188
33.3403
28.5940
26.0603
42.6150
40.4034
36.1947
29.1068
23.6547
42.9680
39.1901
33.9023
27.0108
22.4328
31.2792
33.5084
31.1196
27.9578
19.3494
39.3336
32.1129
29.3499
23.8914
23.9429
35.6324
31.4011
26.8081
24.4257
22.3004
25.3562
24.8347
24.6018
24.1784
24.5188
50.8220
43.5773
40.3882
33.7757
33.8135
58.0969
34.5076
52.9359
27.5654
47.4561
58.9530
56.7096
54.1382
50.8315
47.6789
40.9474
37.7078
34.5347
31.3112
28.1545
48.4340
44.2383
39.4633
33.3852
26.4469
40.2648
36.6945
32.8150
29.0144
25.4925
42.1906
39.0906
36.1674
32.8558
30.5304
39.3657
34.1576
30.2506
27.5736
23.7225
41.7734
38.0755
32.7318
26.8375
22.5079
41.7891
38.3217
34.9051
31.5952
28.3457
42.9529
39.7253
36.4064
33.2218
30.0730
34.8937
31.6625
28.3974
25.2439
22.1523
50.8235
47.5079
43.5540
39.5502
35.5793
48.8500
45.3995
39.5989
33.8652
28.2322
41.0934
37.5199
34.2806
31.0904
27.9522
39.2042
34.7363
31.6630
28.0267
24.6512
44.7533
38.0669
31.9155
27.2350
23.8722
40.7084
37.2634
32.8820
29.2467
27.2440
40.9143
38.8264
34.5037
28.5382
24.3377
41.9115
37.0731
31.4206
25.9074
22.1144
36.6371
33.8789
31.5613
28.0072
20.8982
40.2254
33.5912
30.1903
25.8612
23.3824
35.0365
33.3543
29.1891
26.4386
24.5905
26.3429
25.7648
25.2219
24.9175
25.0060
50.8223
44.1424
40.3889
34.2653
34.1261
57.8597
34.3430
51.2119
27.1915
45.4505
55.2083
52.5490
49.6587
46.6954
43.6397
41.2336
37.8098
34.5581
31.2418
28.0743
48.9823
44.0417
37.6322
30.6577
24.3587
39.4028
35.5002
31.7358
28.2681
25.4620
42.8475
39.4567
36.0236
32.5093
28.9544
38.9034
33.4613
29.1972
26.6058
22.9496
40.5540
36.1606
31.0001
25.9257
22.2198
41.0951
37.8095
34.5449
31.4233
28.2276
42.6004
39.4351
36.2142
33.1409
30.0713
34.5898
31.4447
28.3044
25.1743
22.1775
49.9357
46.2193
42.1320
37.9021
34.0144
47.7751
44.4983
38.9968
33.5387
28.1282
40.3381
37.0425
33.8973
30.7231
27.6478
36.9905
32.7429
29.1765
25.9111
22.6438
46.0935
39.7687
33.6686
28.4879
24.7347
42.6804
39.8384
35.7560
31.8162
28.7526
42.9520
40.1186
35.5232
29.6067
24.9991
38.6258
33.2295
28.7534
25.1405
22.1181
35.3641
32.4508
27.9951
23.9356
20.8496
39.1616
32.4801
29.6821
23.1509
22.7454
35.7350
34.5191
31.5768
28.5321
26.3880
24.4349
24.1882
23.8793
23.7788
24.2819
50.2106
44.0522
39.7976
33.9938
33.7242
55.6406
33.0935
49.4177
26.2791
43.7650
56.1638
53.8116
51.3222
48.5434
45.6278
40.6917
37.3717
34.1119
30.8822
27.7574
42.5862
36.7152
31.1760
26.5373
22.4525
38.0641
34.8893
31.7090
28.8154
26.5173
43.1844
39.6229
36.1168
33.2784
29.5291
37.2533
31.6527
27.9014
25.0092
22.7696
38.6640
33.8895
28.7982
24.5817
22.0221
41.8198
38.4427
35.0162
31.7227
28.3947
42.7934
39.6125
36.3718
33.1750
30.0478
34.9387
31.6886
28.3914
25.3052
22.1427
48.9671
45.6226
41.9419
38.1932
34.6323
48.7500
45.4398
39.7813
34.0960
28.4144
41.6225
37.8985
34.8672
31.5202
28.2912
38.5223
33.9630
29.8374
26.7592
23.2835
46.3823
38.7727
32.0710
27.5542
24.4153
41.4053
37.9922
33.0986
28.7853
26.5669
42.2957
40.1779
35.9574
28.8030
24.6323
42.2202
37.6857
32.4511
26.5201
22.7955
34.4671
33.9427
31.9435
28.2213
20.5509
33.6173
29.6542
27.2351
24.3026
21.8028
35.0756
32.2454
27.9923
25.8909
23.9173
29.2104
27.2407
26.1352
25.1598
26.0555
50.8100
45.0575
40.4174
35.2834
34.3732
58.5135
36.6596
53.3238
29.2039
48.2461
54.9159
52.2888
49.2171
46.6614
43.1713
41.4929
38.1469
34.7693
31.4503
28.1315
48.0539
42.9452
37.4998
31.0567
24.9736
39.5479
35.7117
31.8483
28.4192
25.3580
43.4294
39.9741
35.6369
31.8778
28.4869
38.9916
33.5738
30.0421
27.4688
23.7076
40.7478
36.8014
32.2311
26.4136
22.9444
42.2148
39.1391
35.8606
32.7080
29.5432
43.3205
40.3055
37.1094
34.0221
30.8440
35.9627
32.8726
29.5974
26.5105
23.3499
46.8679
43.1847
39.7680
36.1426
32.4325
47.3857
44.5357
39.4636
34.1970
28.8477
40.3555
37.0860
33.7753
30.4262
27.1991
35.4861
32.4735
29.2357
26.3269
23.0028
33.7347
26.6346
21.3531
19.2724
18.2778
45.1494
41.6538
36.7152
30.5840
26.2183
34.2017
33.3242
30.9036
27.6550
23.1488
44.8861
42.0126
37.5798
34.2771
29.9127
33.4765
32.1770
29.9484
27.0491
25.0958
37.1763
38.5436
30.2074
33.4988
27.2114
34.8591
26.6241
25.7584
24.6550
22.9549
22.2793
22.5342
22.3104
22.6262
23.6998
44.1600
42.0439
34.0707
32.3837
28.1955
52.4211
32.1089
49.1076
25.8278
44.2123
58.1910
56.9022
55.0183
52.8896
50.3821
41.5245
38.3818
35.1702
31.9653
28.7602
48.1674
44.6499
41.0626
37.8669
34.0235
41.2467
37.8755
38.8153
31.1438
28.1125
43.5169
40.8113
36.6152
33.0217
29.3095
42.3091
36.7624
33.3186
31.0142
28.9463
43.0254
41.2126
37.4585
31.7249
25.8998
