3173.9417
3239.3672
3321.2790
3418.7026
3563.5328
3102.1145
3119.1998
3177.7978
3235.3057
3325.3166
2935.8892
2906.0452
2880.2208
2852.1322
2813.0902
3221.5199
3317.6048
3450.5556
3626.5244
3867.4597
3261.8631
3353.9422
3563.9822
3868.4087
4234.5767
3099.4881
3120.1437
3155.4107
3214.4598
3348.5230
3958.4854
4379.0939
4584.5657
4984.7741
5388.0764
2859.0250
2911.2780
3373.3818
3998.1086
4076.6680
3002.3467
2968.3378
2993.9555
3082.3465
3512.2873
2995.4778
2942.2617
3066.0446
3907.4145
5184.6547
2858.5055
2861.9123
3028.4430
3550.5111
4049.7691
3038.8187
3065.8842
2896.5525
2940.6756
2893.0162
3030.4512
2926.3723
2843.1257
2926.9571
2917.5961
3090.1589
3090.2314
3093.4275
3096.6704
3095.4787
3252.9667
3217.7642
3180.7835
3146.0461
3115.0410
3083.1732
3084.3609
3083.8892
3086.0514
3142.1573
3103.3362
3094.0784
3121.1694
3117.4169
3193.9008
3092.3317
3096.0655
3096.0505
3101.1127
3097.1001
3165.3791
3217.1492
3304.6667
3418.7605
3537.3068
3171.4023
3141.3607
3070.9618
2981.3034
2939.5064
3095.3236
3103.1449
3076.6917
3073.5535
3260.2063
3979.6495
4642.8779
5106.8465
5547.5295
6757.7109
2956.1390
2891.9667
2840.5603
2931.6901
3498.4044
2897.3409
2788.9540
2722.6854
3055.5634
3662.2300
3494.9828
3589.3615
3686.6796
3755.1543
3861.9517
3342.1521
3410.1779
3492.7529
3594.8181
3688.1975
2982.9957
2928.6379
2871.6481
2826.3587
2795.3848
3557.5042
3721.5906
3916.1073
4119.3287
4308.8752
3681.7592
3812.1004
4028.4975
4215.8312
4418.7432
3264.8602
3267.3906
3289.0481
3330.0408
3425.3434
4582.7143
5486.1193
5549.0945
5744.8082
6626.7491
3038.9728
3097.7640
3442.1736
3807.4252
4014.0390
3341.8741
3386.4343
3413.3697
3582.3755
3474.5891
2999.9742
3103.9169
3986.5539
5738.2818
6850.8418
3184.3882
3487.6605
3873.3683
4260.8503
4537.3624
3230.1599
3143.1348
3059.2526
3028.2929
3050.8055
2934.5375
3016.2681
2821.3858
2717.9053
2978.6078
3264.7100
3251.0462
3259.1706
3258.6507
3262.9125
3440.8639
3400.8965
3364.0408
3323.7768
3284.5707
3245.3907
3247.9620
3249.0689
3252.6630
3254.7656
3271.2074
3237.6170
3313.5369
3193.6325
3491.9690
3258.0486
3260.2414
3256.3842
3262.4674
3261.8229
3447.2023
3533.9056
3634.3881
3736.1015
3814.5236
3218.9190
3144.3279
3100.4984
3108.8133
3121.9123
3230.3857
3295.5600
3420.1007
3628.4765
3787.3641
4500.5484
5225.3607
5928.7157
6553.0204
7833.3985
3064.5515
3117.3493
3539.5539
4122.8842
4787.3420
2969.6598
3169.4557
3737.9894
4310.2553
5156.9896
3621.2224
3677.0443
3738.3055
3791.4836
3865.5909
3507.7932
3556.7312
3623.0045
3689.2075
3740.5966
2919.9535
2867.9403
2793.3825
2765.1140
2749.0534
3682.3542
3822.0762
3986.0558
4174.2079
4338.3731
3856.7632
3943.6745
4070.6584
4206.5938
4401.0741
3443.4260
3444.6476
3447.9744
3486.1532
3550.9460
5235.9017
5525.9649
5834.7290
6071.8546
6411.6185
3280.2144
3339.6505
3572.6358
3796.1593
3973.6251
3634.7253
3596.9097
3474.6326
3541.6987
3393.5957
3446.1278
3661.4722
4486.2615
5755.2487
6392.4223
3494.3263
3634.3784
3735.4577
3832.0719
3994.9288
3283.6497
3241.8213
3159.3918
3305.7983
3092.0810
3233.7000
2853.0672
2873.4174
3354.3447
3232.9194
3442.2480
3441.9169
3443.8857
3442.7901
3452.4171
3604.7818
3572.0366
3543.1560
3507.0129
3472.2965
3436.6460
3440.6848
3434.5905
3448.4695
3473.9413
3484.4296
3415.7310
3586.4656
3402.2249
3796.0606
3463.9005
3465.0981
3465.8931
3460.7699
3460.6622
3598.1815
3650.8298
3726.3930
3800.4872
3865.6899
3354.7810
3311.6226
3269.6779
3241.6788
3182.7554
3415.4973
3453.1258
3500.2797
3582.8670
3689.3719
4563.0954
4973.4353
5283.9688
5849.3073
6286.3467
3305.9411
3336.6701
3682.1474
3914.2320
3964.2727
3109.8800
3356.6235
3713.4529
3860.3019
3996.6029
3377.0595
3509.4142
3634.4088
3755.2045
3854.6980
3165.8553
3258.1038
3390.3748
3513.4321
3631.3123
2853.0063
2823.8927
2777.1213
2753.4967
2746.5801
3410.8573
3623.3919
3848.9144
4099.5141
4308.1718
3575.3064
3743.2625
3992.4718
4204.0284
4413.7515
3082.3835
3084.4025
3110.3369
3144.6611
3231.9284
4658.3421
5046.6496
5591.0253
5753.8796
6267.0212
2950.9530
3137.5121
3551.1774
3792.5225
3805.5709
3270.6576
3334.7060
3314.1973
3322.7493
3360.2143
2915.6709
3066.6473
3635.2688
5320.9009
6410.2470
3547.8383
3690.2437
3785.2484
3853.1975
4051.9931
3016.2430
2949.1085
2906.2109
2903.6027
2910.7045
2936.7507
2771.8615
2782.7239
2749.9189
2911.5599
3072.3644
3066.9420
3065.0356
3068.3037
3071.1264
3255.0532
3209.1554
3169.8059
3134.3171
3099.0524
3062.1074
3054.5896
3067.4514
3056.9131
3111.1731
3077.9026
3052.4253
3122.5192
3054.1386
3274.7554
3076.1419
3078.4338
3076.5832
3079.6520
3081.6804
3330.9190
3450.2535
3572.8320
3692.8517
3798.1294
3022.4191
2974.5829
2943.5096
2938.2701
2935.3224
3065.6874
3192.7141
3408.2731
3621.6187
3556.8370
4259.7181
4764.5646
5334.1920
5902.5925
7068.4942
2941.3112
3244.1134
3637.8195
3692.3353
3880.8451
3398.2631
3614.4493
3770.2075
3805.1154
3952.2335
3103.8286
3169.2707
3261.6192
3357.7242
3502.1947
3070.7990
3069.1529
3110.1560
3163.5416
3259.1581
2959.1045
2914.0935
2872.7251
2836.9771
2798.0043
3101.9303
3163.6667
3283.0087
3461.3742
3700.4069
3191.3217
3279.0795
3496.7123
3785.1375
4138.7116
3092.5619
3090.8786
3090.5630
3115.4680
3208.1271
3765.8275
4113.9687
4533.2749
4853.0485
5404.5705
3189.9243
3428.7041
3888.6052
4447.2836
4733.8947
3112.3548
3169.5652
3301.5731
3570.7533
4065.5277
3019.6294
2972.3355
3009.7764
3313.6531
4029.5156
3065.4681
3107.7163
3240.5692
3482.7656
4074.1578
3046.5225
3070.6593
3032.0678
3003.8033
2862.7942
3001.8037
3058.7780
2879.9809
2858.1100
2787.4383
3092.4887
3092.6484
3086.3472
3086.3107
3084.7874
3211.4613
3185.6131
3164.9403
3142.9619
3117.8545
3098.2867
3098.8276
3145.7898
3100.7297
3595.6677
3091.8157
3112.4785
3104.5195
3257.0583
3147.8671
3094.6919
3097.0328
3095.9362
3099.2444
3103.1315
3077.9083
3120.5932
3180.2859
3279.5299
3401.5369
3055.8557
2998.8473
2925.7683
2849.2400
2820.3872
3005.9565
2974.2657
2948.1267
2895.4158
2884.2501
3477.4512
3789.2848
4207.1498
4727.0865
5636.3576
3085.9735
3109.0458
3132.6529
3164.6294
3223.0640
3029.3487
2986.0847
2963.5211
3111.8763
3679.1657
3208.8356
3259.4359
3351.8222
3451.6706
3554.9208
3122.8136
3145.8179
3186.6057
3262.6452
3357.3011
2908.3685
2874.4440
2843.7822
2816.0943
2791.8100
3290.7582
3381.9770
3510.0282
3692.3684
3881.8369
3303.4318
3400.3480
3604.3697
3864.9050
4193.8219
3181.2682
3196.8248
3209.3366
3247.7983
3321.2234
4077.9592
4476.0702
4814.4278
5116.0090
5549.8915
2995.0366
3033.8474
3360.8745
3827.2045
3850.3321
3136.2902
3129.9264
3134.1375
3224.7552
3419.8992
3134.5146
3117.8549
3218.3172
4046.9866
5329.6301
3023.1383
3021.6905
3135.2440
3469.1500
3833.1990
3129.0648
3122.9000
3103.4600
3095.9133
3148.2875
3079.0349
3092.9347
2896.5893
2852.9161
2780.2793
3185.9088
3186.9913
3190.6453
3188.0072
3191.0680
3337.9737
3302.3647
3266.3677
3231.7334
3211.0136
3181.1059
3216.8660
3180.9552
3350.6879
3223.4240
3208.4625
3265.0922
3248.0345
3353.8998
3343.5467
3207.4911
3206.0764
3205.9243
3212.2570
3214.2318
3157.6455
3208.5494
3289.7279
3402.4258
3532.2349
3202.4390
3157.5608
3115.5043
3049.6158
3020.8495
3192.8639
3162.7654
3197.1300
3271.2935
3337.9255
3913.7551
4478.2293
5146.0015
5510.3380
6063.3410
3098.1236
3042.0582
3034.6314
3077.6988
3527.4177
2950.7664
2858.8048
2798.7243
3059.6463
3699.8260
3130.0905
3204.0985
3294.3284
3422.5601
3589.0997
3077.7896
3084.6752
3129.4678
3191.7162
3293.9965
2910.5851
2847.6894
2778.9586
2724.8501
2694.5686
3137.3641
3249.0686
3444.5035
3723.5386
4002.3204
3282.4908
3394.5110
3648.3644
3960.2543
4308.2498
3213.6860
3202.7876
3187.2154
3179.1258
3255.2865
4387.9738
4787.3113
5203.6179
5457.4161
6080.6858
3346.1133
3580.1045
3845.4613
4082.8314
4205.7963
3517.1667
3517.4890
3517.2312
3459.8598
3743.7970
3331.2845
3407.4182
3646.5698
4297.3567
5124.4498
3520.3729
3656.8255
3880.9283
4137.6517
4225.3225
3151.6860
3107.2545
3032.4824
2934.0513
2994.7296
3025.5976
2973.2170
2903.8472
3056.4862
3026.3760
3212.5889
3221.0794
3214.1195
3208.7817
3206.3952
3323.8672
3300.5608
3279.6887
3259.6509
3243.1193
3225.6017
3227.4966
3224.5030
3228.8377
3309.2080
3242.0240
3215.6660
3277.3163
3233.1717
3377.5635
3228.7533
3234.5537
3230.0653
3234.7080
3240.4457
3114.1825
3180.3612
3259.3291
3367.0129
3492.2307
3090.5250
3068.3868
3060.1462
3065.0171
3065.7831
2990.9502
2973.8336
2990.9591
3092.9484
3343.2974
3968.1383
4440.7024
5021.9284
5380.1036
6310.9793
3270.8282
3347.9319
3689.2282
3597.4010
4061.8999
3285.6831
3519.9492
3852.4607
3866.1907
3810.1179
3199.9099
3252.9711
3317.1730
3425.5912
3540.9393
3133.9487
3153.6302
3193.9974
3253.1821
3332.4173
3017.3559
2975.8886
2921.7599
2888.9154
2841.7642
3207.6006
3272.7043
3373.1953
3513.7885
3700.6367
3279.7860
3366.0102
3560.9632
3814.9010
4141.5227
3154.2629
3159.9090
3178.4379
3215.0897
3300.7166
3921.1964
4245.9226
4559.3576
5018.0547
5873.9027
3020.7521
3182.7761
3649.6692
4141.5429
4205.7573
3096.6471
3150.0716
3233.9532
3301.6751
3672.2282
3020.5122
2982.6044
3107.1802
3861.3924
4669.7529
3025.5784
3071.0218
3225.8571
3437.7961
3873.4814
3114.4378
3112.8334
3096.5060
3071.9641
3047.4181
3091.2482
2919.6830
3095.6206
2953.1286
2823.8300
3143.5621
3145.3266
3142.8237
3147.7939
3148.7461
3287.5460
3259.2053
3228.5465
3201.1876
3173.2575
3142.5024
3150.0711
3147.4861
3215.1316
3295.5550
3134.2378
3198.9621
3135.9038
3413.2402
3179.6786
3146.8730
3146.2559
3150.8631
3146.6178
3146.4879
3173.7395
3208.3856
3253.5458
3338.8658
3450.0738
3179.2359
3134.3747
3076.1314
2999.7247
2933.3483
3115.5119
3096.0702
3075.0572
3082.2269
3100.3009
3821.8360
4226.9976
4670.2488
5279.9955
5416.4612
3061.0648
3028.2132
3009.6002
2998.6687
2990.8813
3019.3804
2970.3858
2924.7246
2962.4346
3143.7139
3441.9707
3495.1172
3567.3977
3643.1056
3727.8895
3354.9965
3390.0170
3438.1991
3497.3149
3572.0107
2953.6883
2875.6819
2812.3876
2763.1556
2734.5750
3503.5531
3603.6822
3740.5106
3904.8793
4096.2086
3628.6970
3717.8960
3882.0693
4072.6891
4316.9028
3360.8876
3366.1669
3379.0906
3409.7458
3486.9647
4680.9084
5069.7561
5747.3182
6088.9820
6437.0549
3128.2313
3135.8916
3452.6114
3753.6189
3892.0878
3487.6685
3445.4861
3354.0387
3350.1590
3380.6068
3104.3754
3517.4508
4210.3630
5016.4612
5790.7579
3379.5976
3383.0963
3514.8339
3731.9422
3884.6544
3342.4302
3340.0025
3256.1630
3042.2108
3060.7602
3025.6339
2845.0697
2724.6791
2784.6700
3895.5468
3364.8928
3360.9906
3365.5970
3369.1323
3367.9410
3545.8573
3507.7274
3468.0409
3431.7375
3394.5890
3355.5856
3346.7246
3354.8705
3352.3042
3395.4894
3364.5156
3350.2071
3408.8928
3385.8909
3543.1864
3364.5232
3365.7995
3365.4509
3373.9013
3371.5368
3433.7381
3479.6652
3541.7237
3613.2735
3713.4768
3323.9884
3240.5058
3175.9239
3115.2189
3062.3845
3265.4016
3285.0695
3309.0111
3371.3757
3444.7765
4308.2502
4587.7139
5241.6680
5782.6658
6132.8635
3211.9914
3133.5387
3170.0524
3258.1126
3669.4453
2990.5572
3080.4284
3431.9821
3598.1950
3760.6284
3333.6041
3400.7990
3509.5318
3619.3227
3725.1027
3214.1436
3257.0259
3329.4548
3409.6886
3521.3568
2897.2600
2832.1275
2781.7481
2742.2546
2728.4500
3370.2965
3478.3355
3650.7431
3861.8067
4075.4157
3500.2669
3624.0823
3843.7564
4076.0917
4342.0323
3215.9425
3221.5375
3237.0865
3268.8791
3335.0765
4472.5314
4881.6688
5490.8244
5934.1090
6439.1495
3054.8147
3167.4282
3512.7484
3787.9866
3866.1255
3319.2217
3328.5980
3306.7870
3301.5845
3408.2601
2995.5329
3208.6024
3713.0242
4794.9323
5888.2189
3262.3210
3388.8804
3603.8375
3694.8008
3829.4047
3153.2393
3155.0584
3113.6909
3100.9006
2987.9990
3213.6213
2822.7053
2733.5519
2901.4975
3486.0583
3213.2020
3210.6219
3213.1537
3212.2069
3211.0242
3394.2313
3353.7259
3316.9587
3277.5702
3241.7459
3206.2007
3201.5817
3218.0911
3220.0216
3348.9763
3215.9620
3227.3194
3269.8254
3348.1574
3391.5518
3216.0604
3224.0410
3228.3675
3216.6597
3211.9440
3306.6705
3372.7130
3474.0620
3574.3760
3689.7387
3136.7045
3053.9386
3008.6730
2991.3266
2980.6123
3107.5558
3137.1100
3215.7531
3351.0058
3558.1786
4162.1425
4604.5192
5203.0857
5542.6261
6195.0542
3087.6802
3052.5533
3231.8909
3678.9956
3730.3203
2999.4010
3097.0740
3500.3446
3659.9824
3883.3014
3266.0399
3345.6072
3462.4566
3552.9088
3680.0817
3137.1207
3203.4093
3262.8041
3353.2837
3448.7798
2892.7037
2866.3812
2826.8906
2802.6705
2799.3624
3295.9482
3387.1563
3543.3274
3740.4057
3957.6019
3395.3562
3523.1009
3744.7896
3997.3622
4290.8823
3127.3956
3139.8735
3174.1745
3250.1094
3386.1107
4235.5398
4430.3419
4940.8602
5258.5294
5698.1037
2945.2270
3072.2280
3497.9069
3972.8691
4091.3221
3131.2716
3169.5035
3233.0728
3274.7134
3577.1471
3031.0140
3039.4821
3287.4377
4380.8923
5449.5483
2979.3904
3095.6836
3305.6665
3767.7463
4072.2157
3077.8021
3103.9778
3045.6237
2953.6932
3023.7727
2890.6188
2976.9470
2813.6441
2781.7037
2765.5502
3117.2931
3116.1033
3115.3748
3115.0064
3120.2963
3288.8057
3252.3540
3216.1200
3181.0476
3146.3922
3111.2700
3112.5370
3281.9775
3115.0532
3863.8371
3153.1725
3167.3408
3145.2316
3324.7495
3266.2544
3121.8517
3124.8390
3124.4207
3132.5611
3124.1815
3236.4635
3309.1726
3405.4428
3527.7234
3650.0564
3149.2813
3098.0312
3017.0556
2961.0643
2915.4670
3102.4572
3114.7735
3136.0077
3210.4600
3373.5767
3951.0496
4447.1256
5086.1408
5615.0364
6508.7765
3006.3436
2957.2690
2929.8963
2983.5821
3575.4584
2922.7099
2833.2600
2844.2955
3403.4021
3770.4231
3396.9830
3508.5601
3618.7973
3715.7688
3820.4249
3230.2885
3301.4862
3396.7268
3503.3929
3612.4649
2901.0334
2851.3144
2822.9215
2777.7198
2772.6601
3430.3387
3573.1271
3767.1179
3988.0829
4188.5487
3567.8786
3715.3548
3943.3084
4145.4252
4345.5948
3161.6002
3167.6709
3189.0460
3240.5921
3325.3056
4625.6891
4977.5796
5568.7917
5728.3671
6226.7754
2991.2125
3086.3644
3446.2472
3789.2162
3803.1356
3246.3322
3287.4792
3305.5475
3485.9637
3382.9770
2985.2004
3091.5204
3656.7915
5505.9991
6502.5385
3215.0011
3434.2120
3775.9269
3910.3074
4153.5912
3126.4252
3112.1720
3013.8591
3046.5194
2993.2574
2940.0481
2988.5571
2880.3443
2765.4412
3182.0576
3164.7952
3151.0655
3153.1292
3157.7698
3154.7943
3328.0674
3289.8503
3254.3662
3218.7290
3183.3157
3145.5202
3163.7084
3144.3022
3240.2150
3144.5533
3178.7910
3162.4030
3228.5980
3202.6710
3382.8838
3169.6841
3165.1880
3164.4146
3170.4437
3173.5447
3365.9210
3476.0038
3595.6052
3696.1577
3797.8433
3116.8708
3064.5987
3033.8168
3047.9525
3017.2420
3135.6249
3248.0730
3417.4095
3552.9797
3576.9939
4178.1230
4580.6590
5127.1502
6011.1765
6795.8278
3024.6830
3016.9098
3234.2950
3524.3807
3801.5249
2935.4862
3084.7185
3480.9235
3915.8211
4082.1151
3159.2393
3217.2754
3309.9957
3410.6717
3567.0382
3091.7120
3117.8247
3150.3407
3224.7264
3312.3439
3029.1908
3021.0520
2991.9857
2965.9840
2926.8882
3145.9175
3203.8330
3307.1212
3470.1592
3701.0221
3222.9617
3308.1523
3542.7587
3838.3057
4204.1526
3096.4001
3114.0445
3157.7129
3231.7742
3376.3566
3662.5376
4067.6897
4461.5581
4731.3879
5060.3952
2735.1034
2796.2193
3368.5654
4109.3166
4240.3097
2846.0132
2775.9092
2910.6446
3169.1474
3565.1221
3050.4916
2865.7863
2755.3174
3359.2257
4789.3929
2882.3908
2774.2927
2803.5816
3060.4968
3854.9456
3072.5158
3070.3235
3064.1624
3056.4183
3045.1852
3089.2132
3104.8861
3071.3184
3234.3120
3104.8838
3079.0963
3080.9497
3088.2006
3084.1922
3092.6478
3252.7182
3211.8823
3179.0790
3144.8626
3110.5771
3074.9598
3084.3318
3074.1607
3127.4614
3164.0951
3071.3667
3126.3539
3074.9496
3222.8780
3111.6395
3077.4281
3078.3293
3078.2568
3081.3350
3075.6010
3137.5310
3194.9116
3261.8314
3382.1577
3529.9021
3209.9916
3223.9254
3185.0750
3100.9487
2995.2400
3123.5019
3134.4686
3103.7682
3076.4927
3154.7451
3565.2001
3920.5161
4554.6023
5255.7584
6341.9229
2955.0176
2879.4695
2806.5920
2761.5135
2737.5327
2948.0827
2936.7837
2822.4812
2702.3906
2934.5123
3074.0927
3171.7334
3298.5246
3435.9146
3594.4289
2956.0953
2997.8490
3078.1710
3177.7373
3306.8894
2839.0255
2801.4137
2775.3011
2756.4486
2740.5749
3055.7215
3165.8612
3330.2175
3562.7218
3824.5411
3180.1448
3324.8123
3611.7669
3925.4841
4253.5901
2935.6518
2942.5945
2966.0290
3011.6278
3107.9347
3798.6964
4178.6475
4651.6942
5053.0781
5331.9447
2897.2326
3160.3435
3707.2174
4273.8081
4407.7418
2965.1457
3093.7451
3304.4894
3402.2262
3735.7918
2838.5672
2812.2209
2987.4333
3695.7222
4950.6707
2921.3492
3101.5569
3352.5922
3855.3399
4156.7550
2907.2367
2911.0519
2906.0934
2831.7196
2854.9678
2814.6119
2894.3181
2853.6692
2954.8114
2748.5492
2924.3639
2921.7944
2920.9395
2916.9681
2920.2255
3090.4540
3057.2475
3020.6493
2986.5876
2953.3647
2922.0096
2922.9570
2918.9888
2927.1093
3055.3656
2926.7829
2916.6686
2952.2005
2960.5959
3019.4740
2923.8608
2923.7496
2925.0074
2925.9063
2926.0555
3055.1952
3136.3460
3255.5553
3386.5938
3550.7545
2986.1048
2922.3132
2850.8179
2772.3471
2745.7788
2941.2693
2933.5909
2929.9805
3033.0374
3194.4461
3533.1032
3861.2930
4386.6386
5136.2536
5805.0860
2864.3716
2864.3312
2905.4544
2912.8938
3647.9005
2829.0755
2806.5960
2945.8789
3447.8373
3976.6653
3488.0215
3576.5349
3678.0798
3762.5383
3847.7193
3352.0117
3413.7620
3493.2127
3589.5406
3684.1618
2935.7976
2881.9351
2845.6928
2813.1203
2791.0509
3525.3963
3661.3940
3850.5141
4056.6395
4241.8786
3686.7325
3808.4031
4005.9759
4182.1381
4353.4607
3335.9411
3340.9942
3369.9363
3408.5723
3539.6724
4919.9402
5193.2634
5696.5239
6038.0866
6213.6809
3124.2698
3174.5765
3500.3919
3756.1760
3808.5294
3388.1087
3402.4858
3431.5505
3472.6170
3471.2862
3168.5689
3319.1948
3907.6020
5340.9613
6290.0603
3334.3209
3513.6778
3705.9439
3797.5084
3845.2050
3246.8751
3229.6239
3069.5898
3082.4811
3007.5968
3189.2011
2907.5104
2886.5544
2920.9489
2895.1821
3342.3537
3338.4992
3343.2568
3346.6090
3352.9569
3504.3625
3469.7640
3434.7691
3399.4805
3375.5419
3340.5106
3390.2321
3492.5008
3572.8463
4035.2785
3362.0326
3607.8771
3445.4055
3818.1122
3601.9938
3353.9654
3359.5912
3363.5532
3370.9273
3372.5253
3351.3007
3421.6762
3523.8048
3622.5892
3740.0642
3297.9569
3246.5541
3192.5302
3173.9515
3135.1794
3338.9068
3408.7109
3543.0751
3580.2634
3580.6576
4256.8288
4618.5137
5285.4308
5871.5629
6266.3932
3173.1261
3094.3577
3277.7446
3432.7536
3671.5166
2959.7429
3337.6628
3599.3531
3768.6214
3846.8853
3438.7563
3522.5429
3635.7677
3715.1483
3814.5859
3261.4987
3351.8873
3435.7804
3542.5269
3636.1254
2869.4067
2833.4525
2805.6152
2789.5874
2762.3755
3434.1777
3588.1939
3793.9517
4018.1594
4221.5722
3619.2015
3753.6121
3959.6910
4159.4262
4394.8314
3166.9415
3170.6768
3191.3174
3235.7073
3318.1332
4772.6261
5213.2524
5752.7356
6087.6592
6572.7604
2976.2664
3079.7011
3431.1563
3788.3363
3861.1352
3189.4132
3208.3815
3226.7134
3288.2373
3315.7303
3063.3594
3183.1177
3701.1569
5354.6139
6521.6968
3216.9809
3398.3779
3743.5717
4017.5187
4384.6476
3124.1148
3051.5423
3066.7650
3054.5647
2745.8830
2839.0914
2805.4891
2972.8912
2713.2791
3681.2467
3170.1100
3155.0801
3157.0722
3156.1546
3159.6607
3339.8019
3299.9147
3262.5993
3220.6389
3186.1586
3148.1126
3157.4930
3146.7508
3183.3552
3147.3809
3166.5619
3146.1857
3244.4055
3165.3297
3397.2169
3167.8432
3168.4489
3176.7207
3171.1497
3167.2668
3431.8226
3516.7775
3606.4197
3683.1931
3785.1898
3160.7434
3124.9742
3080.0587
3080.0213
3054.0262
3189.5083
3271.6870
3397.3608
3572.3555
3463.8996
4514.9198
4920.4597
5430.2360
5831.8359
6828.9944
2998.0478
3200.2389
3797.4328
4124.6313
4774.0832
2871.4459
3029.1642
3835.0139
4395.4697
4841.0321
3246.5958
3357.8172
3507.7666
3633.1680
3748.4926
3048.6160
3126.3139
3245.6263
3368.6879
3513.8529
2814.8465
2782.9396
2752.1773
2735.7208
2740.1644
3190.3672
3318.7341
3538.7971
3804.8627
4061.4300
3408.7410
3587.4382
3860.0832
4100.6587
4346.4633
3023.6164
3044.6900
3082.6827
3151.1044
3315.8949
4275.0507
4586.6232
5241.1606
5910.3608
6624.1302
3020.6603
3295.5059
3690.1286
3972.3112
4036.9383
3323.8139
3399.1506
3450.3136
3370.5828
3524.6224
3023.6250
3158.4013
3509.0774
4546.7499
5524.2398
3371.0423
3553.0970
3782.8086
3944.7512
4047.4059
2963.8966
2930.7159
2941.3385
2924.8664
2816.9904
2846.0636
2906.1586
2774.1964
2775.5768
2897.0166
3012.3098
3009.0091
3005.6120
3005.0983
3009.3297
3184.6078
3147.0200
3109.6938
3077.3903
3042.7278
3009.8947
3010.1696
3602.1140
3011.2494
4055.7273
3030.3143
3104.3312
3092.5182
3804.8693
3205.3917
3034.6125
3035.8164
3023.3643
3026.0995
3024.6688
3212.3519
3328.1190
3471.7800
3595.8584
3741.3174
3003.7160
2956.9625
2924.0877
2908.8114
2889.2671
3004.0979
3103.7269
3231.8511
3361.9936
3479.4798
4280.0583
4799.0382
5816.5938
6340.3798
6708.1273
2967.6097
2985.5062
3432.3071
3838.4809
3805.6415
3008.6001
3187.4244
3699.8101
3739.8968
3917.8307
3040.1520
3148.6039
3272.1843
3437.6825
3598.2049
2935.8093
2979.1908
3034.8314
3146.5334
3281.4330
2816.2005
2790.5782
2774.3362
2753.9054
2747.3207
3024.0171
3125.2320
3303.9779
3546.8537
3843.5804
3148.0214
3290.9445
3601.9422
3947.8468
4286.3796
2934.7879
2944.3077
2969.4045
3024.9358
3132.5071
3845.7348
4212.5849
4595.2008
5211.4485
5535.6333
2871.6758
3097.3065
3564.5097
4026.8557
4152.4118
3014.2664
3099.8545
3263.3603
3403.6484
3565.7575
2831.9094
2888.0963
3114.4391
3725.2375
5142.3502
2977.2709
3116.9156
3325.1844
3835.1738
4061.5540
2887.8231
2885.1295
2877.1267
2848.5070
2801.2318
2811.3323
2839.1408
2839.3479
2763.0094
2787.4853
2920.9878
2922.3850
2923.8964
2924.0174
2926.6254
3082.6107
3047.4013
3014.5172
2979.5347
2944.6011
2917.0082
2920.0111
2983.5472
2921.3723
3353.1829
2921.0152
2917.6569
2946.7746
3016.5643
3017.1674
2924.3576
2924.2458
2925.9178
2925.4464
2934.5479
2998.3174
3082.5455
3224.5236
3379.2984
3559.8976
2950.2968
2915.1422
2863.6284
2819.8021
2805.4678
2897.9470
2892.0003
2928.3136
3045.5516
3274.2804
3549.7892
4012.5427
4776.4599
5404.7068
6203.7010
2844.4229
2830.2126
2835.3258
2860.2986
3240.3967
2825.0528
2819.7998
2914.5116
3516.1152
3862.2777
3268.3847
3334.0054
3413.3195
3502.8971
3586.1034
3158.3951
3210.5120
3267.9425
3338.4018
3413.3681
2938.9479
2894.8336
2841.7215
2806.6018
2779.8662
3225.6547
3321.6425
3449.5268
3581.1109
3844.7992
3392.1456
3492.3106
3682.9215
3904.9894
4201.6500
3119.6018
3137.0458
3165.9795
3223.2768
3358.8201
4265.2720
4540.7038
5034.9430
5316.9238
5614.4714
2970.8442
3144.2514
3548.6402
3905.5671
3893.9091
3142.4676
3170.8747
3229.6321
3238.8741
3467.9935
2956.0979
3045.1545
3402.9237
4492.5827
5328.8940
3108.8542
3224.4171
3381.2256
3585.3310
3838.0166
3104.3507
3094.6163
3072.8935
3063.7607
3001.3619
2981.3188
2852.9221
2853.9751
2893.7488
2755.4691
3117.0634
3111.7403
3110.3830
3111.9790
3114.0651
3286.1324
3249.8873
3211.8491
3175.4285
3144.4525
3108.4046
3111.3578
3115.3763
3148.0404
3162.1376
3120.8288
3136.9913
3152.9955
3235.5851
3235.1639
3121.7342
3122.2807
3122.7097
3125.0902
3129.2055
3232.2680
3303.2302
3372.2256
3453.6121
3574.1757
3134.3235
3079.9621
3034.7633
2978.6938
2944.2020
3106.5428
3132.4516
3139.2041
3214.4116
3296.7297
4020.6990
4477.9091
4955.0649
5449.0033
6467.3403
3030.4630
2990.8191
2970.8703
2959.9026
2989.7047
2919.6217
2926.1871
3028.6286
3226.2923
3438.9114
3758.1461
3762.4311
3776.8629
3800.7752
3854.6116
3732.2978
3725.6950
3722.4042
3741.9972
3759.1126
3182.7912
3107.9440
3000.5691
2962.9038
2918.3387
4131.6911
4183.8388
4256.8171
4354.2330
4471.3577
3919.7429
3954.4605
4028.1496
4114.1251
4252.7835
3965.0933
4003.0938
3979.1859
3959.1085
3969.4203
5349.3147
5820.9528
5979.7823
6231.2689
6730.4364
3986.7773
4020.7081
4205.2626
4369.8584
4461.3604
4502.1575
4416.6849
4262.0280
3957.2698
3607.8727
4493.2390
4633.1052
4820.8001
5551.5683
6083.3208
4283.5996
4211.2118
4096.8310
4096.5381
4324.8949
3947.2051
3986.3681
3833.9706
3817.2318
3665.0751
3686.0121
3158.9636
3718.5899
2991.2598
3130.7645
4019.3642
4022.9008
4022.5111
4026.8459
4022.0636
4178.1606
4143.6295
4111.2321
4075.8286
4043.3316
4017.5766
4294.5137
4102.1097
4937.9127
4326.2208
4056.2729
4494.2486
4228.2229
5173.0063
4506.6449
4039.9771
3981.2614
3955.0526
4118.1573
4111.5849
3621.1368
3638.9071
3653.6586
3683.8630
3744.7128
4000.5837
3947.9330
3878.4013
3828.1635
3782.9256
4481.1426
4295.8203
4229.3664
4087.4256
4087.7008
4839.4775
5385.1255
5786.8837
6088.0711
6523.6875
4057.3129
3923.6643
3980.9174
4031.7871
4387.4875
3352.1163
3282.8458
3440.9120
3740.3801
4001.9065
3370.6051
3422.5889
3497.0284
3561.3591
3653.4108
3281.8390
3320.4801
3367.0425
3436.2850
3490.2088
2958.3624
2894.1819
2846.4320
2800.0304
2768.5681
3382.0888
3471.8926
3587.3348
3770.3249
3973.6516
3515.5315
3601.9776
3760.8008
3971.9130
4269.0679
3273.1767
3284.7221
3301.3401
3342.7255
3434.0469
4425.7583
4670.0216
5237.3835
5417.7131
5853.1378
3012.5081
3038.8737
3398.9742
3792.2859
3976.7806
3377.6029
3318.9315
3197.6847
3238.6107
3443.7689
3090.7428
3510.9673
3966.9557
4554.8505
5326.3438
3325.6566
3328.0281
3359.1446
3554.2252
3891.4262
3260.7612
3255.0975
3258.1053
3220.4324
3041.8181
3078.8773
3121.2980
2763.1387
2749.2724
2787.9302
3271.3912
3273.1577
3274.6399
3277.9710
3283.5129
3451.6893
3418.4276
3378.3462
3340.7472
3303.4622
3265.2080
3271.5546
3266.9559
3279.9704
3378.6346
3284.3199
3272.1191
3328.8065
3340.1401
3441.3416
3276.9194
3276.2790
3275.7054
3283.4274
3271.7392
3345.4308
3385.6482
3446.8232
3506.1217
3590.8028
3311.5340
3288.7902
3209.2657
3118.0862
3066.3096
3271.3994
3297.1781
3260.8172
3250.3724
3355.9224
4238.0124
4695.4177
5115.4000
5814.5194
6315.5619
3130.6741
3052.1517
3027.2852
3125.1990
3548.3152
3008.6492
2856.8493
2862.3671
3330.4704
3757.9601
3299.8202
3378.1043
3494.6335
3626.6896
3727.0951
3167.3161
3217.8180
3296.3809
3391.4144
3505.2860
2934.1806
2881.4362
2844.4713
2814.7227
2783.0499
3289.9730
3411.5201
3589.6810
3800.0795
4037.4608
3437.6013
3571.1345
3822.0853
4069.8460
4345.1121
3132.4206
3135.5669
3158.8112
3202.8915
3291.5124
4148.6354
4652.6140
5091.9840
5669.5373
5989.7854
2886.3616
2949.6933
3372.5845
3810.6575
3884.4646
3056.8363
3093.0954
3147.9780
3216.4874
3392.5142
2908.3037
2984.8105
3362.4560
4597.6257
5972.6818
2959.6266
3108.0250
3386.6298
3771.2611
3807.8905
3111.9670
3075.1718
3058.1133
3004.4810
2954.1257
2966.2144
3013.9080
2926.0615
2809.9376
2831.7242
3121.2917
3120.7411
3124.4334
3127.0398
3127.6292
3299.4836
3259.9475
3222.8974
3188.0173
3152.4345
3113.8120
3117.5937
3113.5893
3134.3021
3114.5336
3122.7601
3115.0614
3166.1203
3126.9468
3264.2878
3123.5373
3118.6522
3121.4879
3123.1981
3133.3064
3246.7996
3337.3674
3443.0982
3560.2882
3675.1273
3160.8851
3104.2883
3029.3937
2982.0513
2960.8712
3115.5534
3123.6227
3170.5645
3298.4911
3583.7419
3936.7325
4355.4800
4911.4003
5459.2928
6189.9066
2982.9691
2909.7999
2901.7579
3084.4682
3592.8260
2872.7381
2783.1020
2995.0499
3518.4386
3857.8891
3426.2389
3538.5575
3633.1471
3725.8191
3814.1811
3253.4189
3328.4911
3441.6583
3539.6605
3641.5661
2837.6358
2795.3970
2755.8291
2741.0281
2723.6068
3333.6408
3489.3259
3704.6273
3947.6115
4164.7879
3644.0526
3788.1588
3991.4484
4161.4073
4363.1414
3165.3629
3185.2512
3213.6063
3278.9364
3410.7350
4707.5048
5088.3776
5666.9526
6150.8352
6343.8491
3052.3029
3237.4796
3587.9186
3785.8955
3846.3399
3419.8812
3421.5042
3368.4649
3315.8771
3429.4909
3181.7391
3437.2407
3974.7603
5175.8430
6075.3091
3516.6501
3613.4010
3721.4340
3793.8383
3884.8056
3106.0845
3109.1059
3050.7836
3008.0201
2961.5059
3035.7273
2829.9850
2757.4855
3041.8332
2902.0098
3158.1611
3155.5179
3158.8519
3160.1135
3165.6124
3338.2843
3303.4334
3272.3246
3232.5894
3193.1039
3152.5021
3164.9931
3152.7865
3210.6876
3180.0401
3179.5612
3165.4083
3235.0057
3261.5278
3409.3979
3172.5086
3174.2571
3173.3814
3173.9990
3174.7675
3432.1389
3530.3174
3631.4585
3719.4792
3803.9440
3134.6550
3086.4763
3053.1513
3032.9568
3020.2528
3169.2328
3284.6097
3408.5596
3554.3757
3616.3024
4181.1012
4546.4681
4971.8243
5299.2063
5690.1706
3032.4866
3042.6296
3382.2904
3555.6874
3735.5238
3145.0398
3345.5534
3536.3713
3634.6414
3735.2656
3247.5412
3336.0293
3434.5133
3550.7387
3670.8063
3138.3311
3188.9740
3242.6608
3333.0767
3418.9523
2866.1376
2819.8325
2777.6144
2761.3671
2753.9199
3267.2615
3372.0477
3529.3766
3727.2268
3956.8488
3394.3632
3521.9888
3740.4090
4005.3714
4321.4867
3136.8764
3146.1954
3161.0539
3194.3959
3268.3748
4360.4666
4635.8677
4975.1836
5723.9521
6360.1897
3026.5316
3195.3865
3578.9255
3985.2699
4153.0627
3126.7617
3155.7853
3224.7583
3271.5021
3579.0733
2989.9585
3033.6910
3312.9371
4153.3877
5265.5625
3043.5606
3185.8949
3468.3648
4067.6888
4158.1107
3075.2985
3094.9142
3018.9090
2856.7708
2815.8769
2947.4866
2865.0842
2815.1922
2697.7971
2819.0251
3135.1476
3131.7753
3136.2664
3135.5974
3134.3661
3294.0685
3257.3489
3221.8305
3188.7447
3161.6095
3127.5351
3130.0415
3126.4724
3135.8719
3136.7898
3143.1741
3117.3075
3178.0587
3129.1284
3320.9050
3146.0237
3138.7685
3150.6640
3146.2625
3138.8119
3226.2371
3299.0099
3393.1192
3510.1745
3649.1935
3073.5212
2997.3058
2919.6650
2859.7264
2849.1111
3026.8076
2989.2421
3014.1740
3169.5111
3432.4596
3914.6821
4277.2053
5025.2156
6210.0071
6776.9681
3022.4926
3004.4372
3014.6444
3010.3583
3811.0054
2910.1012
2865.7665
2949.6657
3537.9890
3874.2360
3903.2998
3880.6940
3883.9738
3917.6974
3978.5927
3927.9553
3866.6665
3844.5629
3825.0396
3830.1511
3352.5382
3274.7187
3195.9076
3153.5986
3125.7487
4150.4531
4095.8084
4059.4029
4032.7874
4072.7505
4084.7066
4081.3745
4122.2403
4237.6050
4406.8130
5237.7095
5173.3712
5055.9344
4872.9775
4654.9946
5979.6380
6073.0668
6139.3016
6268.3620
6388.6980
4407.9484
4172.0609
4034.9176
4047.5910
4043.0994
4284.3869
4061.6850
3763.0536
3531.7480
3371.5579
4455.2712
4478.5251
4679.0283
4946.3598
5065.7562
4090.0829
3990.0113
3814.7712
3670.9961
3516.0355
4744.6414
4557.0171
4274.6912
4283.7963
4379.6444
3699.0583
3857.7053
3362.2639
3648.8720
3462.2155
5311.2689
5313.2928
5310.5174
5299.2707
5305.3799
5288.8283
5294.3765
5295.5506
5301.4171
5306.8004
5317.9241
5306.4745
5356.5022
5302.6002
5419.9858
5289.3732
5443.5333
5278.6527
5586.0854
5289.4558
5354.4197
5359.6535
5353.7662
5354.8939
5355.4729
4369.5971
4351.6449
4363.6774
4392.0189
4442.6875
4620.8460
4562.4402
4414.6983
4319.6591
4204.0830
3794.4543
3718.9950
3756.1408
3671.0430
3612.8537
5663.7461
5642.8160
5797.4756
5819.8227
5822.8542
4898.8758
4865.4941
4840.0704
4816.7612
4798.6770
3962.5992
3915.7034
3759.6489
3463.1363
3294.5393
