0.9552
0.9205
0.8647
0.7915
0.6911
0.9871
0.9758
0.9543
0.9205
0.8672
0.9608
0.9274
0.8788
0.8075
0.7149
0.9812
0.9637
0.9315
0.8826
0.7932
0.9539
0.9189
0.8181
0.6531
0.4320
0.9711
0.9399
0.8923
0.8203
0.7109
0.9631
0.9216
0.8984
0.8447
0.7600
0.9673
0.8939
0.7298
0.5148
0.3222
0.9503
0.9007
0.7816
0.6125
0.3770
0.9519
0.9108
0.8221
0.6633
0.5257
0.9448
0.8923
0.8120
0.6176
0.3258
0.9287
0.9175
0.8108
0.6722
0.4918
0.9568
0.8881
0.7893
0.6929
0.7051
0.9692
0.9602
0.9256
0.8829
0.8407
0.9491
0.9571
0.9665
0.9756
0.9876
0.9976
0.9946
0.9673
0.9630
0.8533
0.9937
0.9806
0.9617
0.9226
0.8255
0.9990
0.9991
0.9990
0.9991
0.9991
0.9658
0.9372
0.8907
0.8147
0.7127
0.9407
0.8925
0.8129
0.6588
0.3921
0.9427
0.8972
0.8195
0.7030
0.5404
0.9462
0.8926
0.8260
0.7758
0.5211
0.9931
0.9779
0.9549
0.9143
0.4134
0.9393
0.8783
0.7671
0.5883
0.3436
0.9028
0.8295
0.7251
0.5905
0.4452
0.9720
0.9477
0.9037
0.8319
0.7251
0.9136
0.8495
0.7496
0.6185
0.4775
0.9612
0.9268
0.8663
0.7650
0.6153
0.9011
0.8281
0.6356
0.4001
0.2105
0.9328
0.8870
0.7888
0.6342
0.4534
0.9343
0.9014
0.8565
0.8456
0.7814
0.9786
0.9343
0.8414
0.7253
0.6172
0.9028
0.8604
0.7894
0.7017
0.6068
0.9362
0.8982
0.8204
0.7025
0.6255
0.8697
0.7822
0.6528
0.5681
0.5387
0.9842
0.8042
0.7581
0.4371
0.3984
0.8324
0.7741
0.6796
0.4175
0.6270
0.9230
0.9701
0.9386
0.9152
0.8769
0.9529
0.9576
0.9662
0.9768
0.9868
0.9961
0.9915
0.9481
0.9426
0.7711
0.9950
0.9868
0.9750
0.9539
0.8930
0.9979
0.9980
0.9979
0.9980
0.9979
0.9241
0.8637
0.7719
0.6471
0.5055
0.8495
0.7327
0.5387
0.2910
0.0671
0.8666
0.7784
0.6452
0.4955
0.4163
0.9173
0.8434
0.7394
0.6580
0.5392
0.9797
0.9316
0.6796
0.5695
0.5477
0.8633
0.7674
0.6490
0.5630
0.5330
0.8686
0.7792
0.6595
0.5173
0.3824
0.9597
0.9262
0.8675
0.7781
0.6548
0.8814
0.8029
0.6886
0.5516
0.4155
0.9631
0.9313
0.8850
0.8087
0.6981
0.8653
0.7732
0.5630
0.3425
0.1825
0.9203
0.8480
0.7362
0.5776
0.4077
0.9307
0.8930
0.8496
0.8497
0.7991
0.9866
0.9609
0.9087
0.8363
0.7526
0.9574
0.9378
0.8946
0.8231
0.7397
0.9643
0.9426
0.8915
0.8042
0.7309
0.9127
0.8433
0.7702
0.6849
0.6519
0.8742
0.8317
0.7910
0.7044
0.5918
0.8718
0.7419
0.6783
0.4466
0.3320
0.9449
0.9710
0.9494
0.9302
0.9115
0.9524
0.9624
0.9720
0.9808
0.9876
0.9968
0.9926
0.9572
0.9489
0.8017
0.9946
0.9857
0.9784
0.9470
0.9128
0.9967
0.9967
0.9968
0.9966
0.9966
0.8738
0.7877
0.6724
0.5390
0.4061
0.8807
0.8015
0.6747
0.5248
0.3843
0.8766
0.7853
0.6521
0.4974
0.3978
0.8812
0.8109
0.7156
0.5601
0.5063
0.9878
0.9620
0.8133
0.7312
0.6825
0.8946
0.8349
0.7526
0.6707
0.6421
0.8965
0.8186
0.7015
0.5600
0.4116
0.9703
0.9444
0.8962
0.8196
0.7012
0.9072
0.8377
0.7280
0.5947
0.4431
0.9568
0.9194
0.8597
0.7519
0.5932
0.8948
0.8156
0.6080
0.3665
0.1804
0.9368
0.8838
0.7901
0.6410
0.4514
0.9188
0.8790
0.8499
0.7771
0.6526
0.9851
0.9568
0.8990
0.8182
0.7256
0.9153
0.8829
0.8350
0.7701
0.6963
0.9456
0.9168
0.8519
0.7343
0.6502
0.8494
0.7673
0.6996
0.6353
0.5994
0.9289
0.8115
0.6889
0.5980
0.4976
0.8353
0.7242
0.5655
0.6125
0.3492
0.9037
0.9756
0.9495
0.9333
0.8990
0.9575
0.9649
0.9712
0.9793
0.9874
0.9959
0.9920
0.9503
0.9487
0.7925
0.9942
0.9832
0.9732
0.9386
0.8927
0.9977
0.9978
0.9976
0.9977
0.9979
0.9056
0.8380
0.7393
0.6149
0.4750
0.8228
0.6843
0.4934
0.3145
0.1673
0.8599
0.7676
0.6351
0.4930
0.4514
0.8923
0.7991
0.6881
0.5236
0.4605
0.9720
0.8640
0.7446
0.6908
0.6156
0.8387
0.7606
0.6828
0.6304
0.5993
0.9680
0.9410
0.8980
0.8350
0.7492
0.9910
0.9831
0.9679
0.9417
0.8975
0.9714
0.9470
0.9079
0.8476
0.7634
0.9877
0.9768
0.9548
0.9162
0.8498
0.9671
0.9403
0.8575
0.7168
0.5213
0.9733
0.9434
0.8933
0.8172
0.7116
0.9742
0.9528
0.9147
0.8480
0.7716
0.9813
0.9398
0.8327
0.6438
0.4081
0.9747
0.9554
0.8933
0.7274
0.4703
0.9725
0.9472
0.8838
0.7541
0.6090
0.9737
0.9440
0.8957
0.8050
0.6120
0.9750
0.9658
0.9170
0.8696
0.6195
0.9500
0.9803
0.8518
0.7599
0.5919
0.9802
0.9701
0.9303
0.8958
0.8464
0.9458
0.9562
0.9662
0.9775
0.9881
0.9928
0.9869
0.9092
0.9229
0.7036
0.9921
0.9688
0.9529
0.8932
0.8023
0.9993
0.9993
0.9993
0.9993
0.9993
0.9750
0.9553
0.9222
0.8717
0.7997
0.9622
0.9337
0.8839
0.7906
0.6276
0.9591
0.9247
0.8684
0.7804
0.6303
0.9693
0.9404
0.8964
0.8108
0.7039
0.9970
0.9912
0.9832
0.9720
0.9483
0.9678
0.9369
0.8763
0.7699
0.5960
0.9512
0.9139
0.8524
0.7702
0.6634
0.9849
0.9720
0.9483
0.9078
0.8462
0.9563
0.9221
0.8667
0.7919
0.6896
0.9844
0.9708
0.9441
0.8935
0.8231
0.9496
0.9108
0.7995
0.6227
0.4049
0.9588
0.9185
0.8514
0.7563
0.6289
0.9677
0.9452
0.9163
0.8678
0.8113
0.9714
0.9089
0.7664
0.5776
0.4086
0.9585
0.9269
0.8397
0.6746
0.4557
0.9621
0.9304
0.8558
0.7095
0.5654
0.9511
0.9040
0.8226
0.6517
0.3900
0.9412
0.9000
0.8539
0.7701
0.5657
0.9134
0.9129
0.8049
0.6276
0.5287
0.9743
0.9657
0.9241
0.8890
0.8473
0.9494
0.9588
0.9686
0.9787
0.9878
0.9982
0.9946
0.9756
0.9648
0.8882
0.9935
0.9769
0.9630
0.9143
0.8382
0.9989
0.9990
0.9989
0.9990
0.9990
0.9300
0.8877
0.8318
0.7586
0.6640
0.9405
0.8987
0.8217
0.6876
0.4344
0.9464
0.9055
0.8403
0.7379
0.5783
0.9362
0.8869
0.7912
0.7422
0.6262
0.9952
0.9845
0.9672
0.9429
0.4589
0.9469
0.8982
0.8049
0.6361
0.3824
0.9223
0.8667
0.7846
0.6840
0.5676
0.9773
0.9585
0.9217
0.8659
0.7848
0.9311
0.8806
0.8043
0.7062
0.5905
0.9769
0.9557
0.9194
0.8541
0.7604
0.9206
0.8647
0.7182
0.5271
0.3319
0.9512
0.9084
0.8401
0.7327
0.5967
0.9551
0.9314
0.8750
0.8203
0.7753
0.9896
0.9698
0.9211
0.8090
0.5693
0.9719
0.9571
0.9210
0.8401
0.6898
0.9751
0.9592
0.9186
0.8196
0.7215
0.9475
0.9008
0.8202
0.6954
0.5250
0.9859
0.9045
0.8146
0.7178
0.5481
0.9213
0.8200
0.7074
0.6135
0.4359
0.9720
0.9760
0.9452
0.9214
0.9004
0.9509
0.9575
0.9666
0.9761
0.9877
0.9974
0.9942
0.9660
0.9598
0.8432
0.9947
0.9853
0.9696
0.9431
0.8647
0.9983
0.9985
0.9982
0.9982
0.9982
0.9091
0.8514
0.7696
0.6751
0.5725
0.9280
0.8819
0.8013
0.6779
0.4823
0.9216
0.8680
0.7735
0.6549
0.4879
0.9213
0.8594
0.7528
0.6654
0.5851
0.9933
0.9779
0.8963
0.8667
0.6870
0.9374
0.8931
0.8112
0.6900
0.5250
0.9629
0.9329
0.8842
0.8161
0.7272
0.9894
0.9800
0.9625
0.9319
0.8827
0.9673
0.9413
0.8959
0.8321
0.7477
0.9895
0.9806
0.9628
0.9302
0.8745
0.9621
0.9315
0.8404
0.6943
0.5086
0.9696
0.9418
0.8819
0.7943
0.6787
0.9665
0.9436
0.9136
0.8685
0.7832
0.9725
0.9111
0.7692
0.5759
0.3885
0.9522
0.9271
0.8732
0.7670
0.5391
0.9588
0.9297
0.8630
0.7356
0.6099
0.9514
0.9127
0.8408
0.7678
0.5882
0.9875
0.9788
0.9454
0.9071
0.8818
0.9519
0.8953
0.9102
0.7330
0.6656
0.9827
0.9689
0.9343
0.9006
0.8599
0.9459
0.9566
0.9678
0.9786
0.9895
0.9972
0.9928
0.9618
0.9456
0.8393
0.9928
0.9705
0.9561
0.8853
0.8135
0.9991
0.9992
0.9992
0.9992
0.9989
0.9567
0.9286
0.8895
0.8357
0.7645
0.9382
0.8948
0.8252
0.7131
0.5516
0.9463
0.9070
0.8506
0.7664
0.6419
0.9579
0.9126
0.8531
0.7853
0.7390
0.9974
0.9924
0.9845
0.9760
0.9603
0.9528
0.9146
0.8532
0.7578
0.6008
0.8998
0.8265
0.7216
0.6009
0.4752
0.9705
0.9452
0.8988
0.8249
0.7209
0.9106
0.8442
0.7485
0.6295
0.5034
0.9774
0.9592
0.9261
0.8711
0.7895
0.8970
0.8231
0.6405
0.4362
0.2656
0.9399
0.8823
0.7946
0.6602
0.5121
0.9358
0.9072
0.8859
0.8209
0.7674
0.9838
0.9527
0.8863
0.7840
0.6527
0.9461
0.9280
0.8887
0.8140
0.6953
0.9532
0.9313
0.8828
0.7876
0.7043
0.9169
0.8786
0.7979
0.6754
0.5921
0.9728
0.9435
0.8569
0.6794
0.5765
0.8669
0.7552
0.6668
0.5864
0.4062
0.9578
0.9734
0.9397
0.9145
0.8928
0.9495
0.9589
0.9682
0.9780
0.9875
0.9982
0.9959
0.9751
0.9704
0.8868
0.9941
0.9801
0.9712
0.9168
0.8838
0.9976
0.9975
0.9975
0.9974
0.9975
0.8943
0.8238
0.7317
0.6234
0.5106
0.8611
0.7934
0.6983
0.5680
0.3942
0.8925
0.8223
0.7148
0.5807
0.4351
0.8997
0.8328
0.7206
0.6334
0.5517
0.9934
0.9799
0.9605
0.8618
0.7132
0.9085
0.8568
0.7781
0.6791
0.5722
0.9106
0.8426
0.7419
0.6180
0.4858
0.9738
0.9511
0.9092
0.8406
0.7424
0.9201
0.8595
0.7661
0.6469
0.5150
0.9725
0.9536
0.9158
0.8503
0.7494
0.9082
0.8398
0.6608
0.4416
0.2500
0.9484
0.9072
0.8241
0.7004
0.5331
0.9347
0.9063
0.8509
0.7741
0.7233
0.9844
0.9536
0.8836
0.7706
0.6329
0.9449
0.9217
0.8663
0.7629
0.6296
0.9553
0.9312
0.8743
0.7571
0.6501
0.9105
0.8563
0.7448
0.6188
0.5424
0.9727
0.9192
0.8366
0.7518
0.5166
0.9379
0.7634
0.6390
0.5567
0.4859
0.9559
0.9699
0.9395
0.9095
0.8798
0.9496
0.9594
0.9687
0.9774
0.9871
0.9975
0.9946
0.9647
0.9640
0.8816
0.9928
0.9680
0.9671
0.9071
0.8738
0.9978
0.9979
0.9980
0.9978
0.9975
0.9001
0.8308
0.7340
0.6211
0.5018
0.8660
0.7905
0.6692
0.4961
0.2448
0.8932
0.8206
0.7152
0.5653
0.3809
0.9096
0.8429
0.7155
0.5799
0.4455
0.9911
0.9710
0.8490
0.6754
0.5661
0.9096
0.8448
0.7388
0.6007
0.5233
0.9359
0.8876
0.8132
0.7161
0.5997
0.9819
0.9658
0.9365
0.8883
0.8149
0.9431
0.8985
0.8310
0.7373
0.6243
0.9787
0.9629
0.9301
0.8740
0.7848
0.9346
0.8853
0.7496
0.5569
0.3500
0.9529
0.9068
0.8293
0.7237
0.5856
0.9584
0.9069
0.8820
0.7841
0.6549
0.9770
0.9274
0.8165
0.6612
0.5012
0.9447
0.9094
0.8289
0.6877
0.4935
0.9557
0.9224
0.8479
0.7091
0.5677
0.9368
0.8829
0.8120
0.6217
0.4413
0.9710
0.9863
0.8116
0.7360
0.4723
0.9071
0.8555
0.7690
0.6293
0.4627
0.9732
0.9645
0.9302
0.8930
0.8625
0.9475
0.9572
0.9675
0.9783
0.9895
0.9861
0.9805
0.8468
0.9067
0.6645
0.9884
0.9340
0.9447
0.8137
0.8076
0.9990
0.9989
0.9988
0.9990
0.9989
0.9553
0.9202
0.8650
0.7852
0.6854
0.9211
0.8655
0.7747
0.6133
0.3422
0.9239
0.8690
0.7833
0.6673
0.4843
0.9454
0.9000
0.8133
0.7217
0.5868
0.9943
0.9826
0.9654
0.9303
0.6231
0.9302
0.8704
0.7723
0.6195
0.4410
0.9056
0.8347
0.7248
0.5905
0.4571
0.9720
0.9477
0.9036
0.8337
0.7258
0.9183
0.8491
0.7518
0.6278
0.4880
0.9619
0.9337
0.8815
0.7967
0.6783
0.9025
0.8295
0.6411
0.4101
0.2219
0.9363
0.8800
0.7764
0.6242
0.4398
0.9184
0.8887
0.8179
0.8062
0.7381
0.9777
0.9351
0.8449
0.7275
0.6122
0.9171
0.8781
0.8043
0.7038
0.6207
0.9471
0.9157
0.8382
0.7031
0.6183
0.8711
0.7784
0.6413
0.5752
0.5375
0.9755
0.9800
0.6778
0.6075
0.6093
0.8772
0.7852
0.5926
0.4941
0.7688
0.9158
0.9758
0.9459
0.9165
0.8763
0.9456
0.9562
0.9675
0.9780
0.9887
0.9988
0.9963
0.9848
0.9721
0.9269
0.9940
0.9819
0.9708
0.9217
0.8802
0.9978
0.9977
0.9981
0.9979
0.9981
0.8968
0.8233
0.7202
0.5900
0.4561
0.8546
0.7518
0.5766
0.3033
0.0807
0.8771
0.7870
0.6648
0.5174
0.4254
0.9032
0.8234
0.7233
0.6006
0.5099
0.9911
0.9733
0.8393
0.7112
0.5919
0.8660
0.7753
0.6550
0.5702
0.5319
0.9758
0.9544
0.9151
0.8505
0.7563
0.9934
0.9873
0.9753
0.9537
0.9138
0.9786
0.9595
0.9235
0.8656
0.7767
0.9888
0.9808
0.9621
0.9285
0.8626
0.9753
0.9532
0.8748
0.7180
0.4954
0.9779
0.9560
0.9174
0.8517
0.7509
0.9766
0.9502
0.9057
0.8512
0.7512
0.9613
0.8780
0.7007
0.4793
0.2878
0.9506
0.8908
0.7441
0.5327
0.3017
0.9488
0.9006
0.8005
0.6208
0.4547
0.9643
0.9305
0.8577
0.7593
0.4770
0.9869
0.9553
0.9303
0.8665
0.7557
0.9655
0.9419
0.8354
0.7160
0.6214
0.9811
0.9609
0.9211
0.8903
0.8443
0.9482
0.9573
0.9679
0.9776
0.9880
0.9971
0.9929
0.9605
0.9512
0.8165
0.9936
0.9790
0.9587
0.9173
0.8113
0.9994
0.9994
0.9994
0.9995
0.9994
0.9773
0.9590
0.9266
0.8715
0.7874
0.9575
0.9191
0.8488
0.7338
0.5434
0.9606
0.9224
0.8619
0.7574
0.5925
0.9683
0.9326
0.8765
0.8105
0.6129
0.9960
0.9879
0.9751
0.9599
0.9244
0.9619
0.9251
0.8465
0.7197
0.4921
0.9540
0.9157
0.8513
0.7605
0.6470
0.9872
0.9754
0.9532
0.9146
0.8529
0.9593
0.9242
0.8660
0.7802
0.6705
0.9812
0.9659
0.9351
0.8808
0.7924
0.9522
0.9132
0.7936
0.6030
0.3848
0.9662
0.9288
0.8711
0.7772
0.6391
0.9589
0.9281
0.8738
0.8022
0.7043
0.9787
0.9329
0.8263
0.6601
0.4713
0.9434
0.9018
0.8131
0.6698
0.4906
0.9539
0.9210
0.8469
0.6980
0.5518
0.9480
0.8984
0.8301
0.6746
0.4820
0.9743
0.9836
0.9879
0.7777
0.6490
0.9091
0.8832
0.7714
0.6622
0.5223
0.9717
0.9664
0.9206
0.8910
0.8382
0.9474
0.9572
0.9674
0.9775
0.9894
0.9968
0.9932
0.9549
0.9546
0.8083
0.9932
0.9776
0.9601
0.9051
0.8276
0.9990
0.9989
0.9989
0.9989
0.9989
0.9460
0.9076
0.8493
0.7709
0.6675
0.9308
0.8783
0.7883
0.6333
0.3698
0.9366
0.8868
0.8053
0.6827
0.5170
0.9587
0.9263
0.8643
0.7597
0.6039
0.9947
0.9822
0.9611
0.9389
0.7121
0.9398
0.8881
0.7984
0.6624
0.4530
0.8991
0.8234
0.7130
0.5799
0.4420
0.9691
0.9429
0.8950
0.8187
0.7076
0.9093
0.8419
0.7382
0.6119
0.4701
0.9673
0.9430
0.8997
0.8304
0.7326
0.8963
0.8203
0.6246
0.3975
0.2140
0.9218
0.8405
0.7159
0.5560
0.3856
0.9296
0.8860
0.8515
0.7685
0.6442
0.9837
0.9540
0.8955
0.8172
0.7305
0.9320
0.9064
0.8569
0.7825
0.6724
0.9497
0.9233
0.8667
0.7547
0.6665
0.9029
0.8254
0.7383
0.6566
0.6111
0.9009
0.8715
0.6932
0.7505
0.5072
0.9026
0.7526
0.6322
0.5416
0.3346
0.9413
0.9725
0.9471
0.9279
0.9061
0.9518
0.9565
0.9665
0.9771
0.9869
0.9812
0.9757
0.8456
0.8906
0.5624
0.9868
0.9457
0.9481
0.8451
0.8446
0.9977
0.9978
0.9976
0.9976
0.9978
0.9221
0.8701
0.7963
0.6955
0.5769
0.8583
0.7661
0.6381
0.4535
0.3031
0.8840
0.8053
0.6957
0.5853
0.5272
0.9229
0.8487
0.7545
0.5874
0.4882
0.9878
0.9637
0.8628
0.8113
0.7338
0.8874
0.8194
0.7442
0.6643
0.5900
0.8936
0.8185
0.7121
0.5821
0.4436
0.9686
0.9418
0.8943
0.8165
0.7090
0.9049
0.8373
0.7408
0.6110
0.4731
0.9652
0.9389
0.8893
0.8103
0.7004
0.8922
0.8176
0.6301
0.3995
0.2065
0.9427
0.8981
0.8169
0.6838
0.5049
0.9211
0.8833
0.8150
0.7654
0.6732
0.9796
0.9363
0.8460
0.7375
0.6377
0.9359
0.8973
0.8241
0.7134
0.6120
0.9542
0.9257
0.8553
0.7183
0.6113
0.8913
0.8141
0.6567
0.5634
0.5496
0.9521
0.8829
0.7166
0.5517
0.3043
0.8355
0.7396
0.6519
0.4332
0.2924
0.9287
0.9681
0.9388
0.9105
0.8807
0.9525
0.9607
0.9673
0.9750
0.9876
0.9982
0.9949
0.9767
0.9619
0.8872
0.9948
0.9841
0.9747
0.9401
0.8921
0.9980
0.9979
0.9979
0.9978
0.9973
0.8836
0.8037
0.7001
0.5778
0.4547
0.8825
0.7983
0.6439
0.3924
0.1225
0.8884
0.8058
0.6780
0.5149
0.4636
0.8649
0.7915
0.6319
0.5755
0.3593
0.9871
0.8421
0.6256
0.5728
0.5529
0.8854
0.7841
0.6428
0.5619
0.5502
0.9120
0.8482
0.7530
0.6369
0.5036
0.9744
0.9524
0.9126
0.8491
0.7554
0.9212
0.8637
0.7726
0.6618
0.5285
0.9751
0.9577
0.9215
0.8600
0.7667
0.9101
0.8453
0.6765
0.4586
0.2573
0.9390
0.8713
0.7707
0.6413
0.4901
0.9368
0.8739
0.7397
0.6032
0.5157
0.9878
0.9646
0.9130
0.8203
0.6831
0.9494
0.9264
0.8760
0.7634
0.5839
0.9627
0.9423
0.8899
0.7753
0.5938
0.9291
0.8801
0.7596
0.6296
0.5213
0.9518
0.8953
0.8548
0.6817
0.4469
0.8826
0.8514
0.6430
0.5691
0.4565
0.9564
0.9713
0.9450
0.9202
0.8833
0.9486
0.9565
0.9661
0.9756
0.9887
0.9682
0.9672
0.7587
0.8727
0.6231
0.9812
0.8546
0.9238
0.7341
0.7898
0.9979
0.9985
0.9977
0.9980
0.9980
0.9374
0.8922
0.8268
0.7390
0.6340
0.8932
0.8353
0.7426
0.5605
0.3044
0.9032
0.8429
0.7538
0.6341
0.4704
0.9070
0.8448
0.7511
0.5992
0.5223
0.9932
0.9806
0.8845
0.7575
0.5826
0.9132
0.8628
0.7662
0.6143
0.5046
0.9464
0.9040
0.8348
0.7416
0.6234
0.9849
0.9714
0.9461
0.9032
0.8357
0.9515
0.9141
0.8494
0.7577
0.6456
0.9823
0.9670
0.9379
0.8864
0.8018
0.9452
0.9016
0.7741
0.5824
0.3689
0.9595
0.9086
0.8375
0.7173
0.5602
0.9535
0.9216
0.8505
0.8159
0.7488
0.9812
0.9419
0.8479
0.6837
0.4820
0.9448
0.9109
0.8231
0.6532
0.4611
0.9553
0.9271
0.8607
0.7183
0.5699
0.9440
0.9056
0.8432
0.6484
0.4146
0.9244
0.9235
0.8297
0.7421
0.5668
0.9143
0.8262
0.8185
0.6258
0.4819
0.9708
0.9691
0.9268
0.8920
0.8507
0.9489
0.9579
0.9674
0.9780
0.9896
0.9927
0.9866
0.9007
0.9215
0.6514
0.9935
0.9771
0.9616
0.9122
0.8363
0.9988
0.9988
0.9988
0.9988
0.9989
0.9616
0.9298
0.8747
0.7925
0.6779
0.9179
0.8686
0.7911
0.6593
0.4181
0.9310
0.8795
0.7973
0.6685
0.4765
0.9507
0.8958
0.8120
0.7549
0.5689
0.9950
0.9852
0.9719
0.9479
0.7886
0.9430
0.8954
0.8038
0.6481
0.4207
0.9373
0.8906
0.8184
0.7263
0.6207
0.9820
0.9662
0.9370
0.8893
0.8181
0.9443
0.9016
0.8345
0.7468
0.6448
0.9885
0.9746
0.9524
0.9235
0.8468
0.9364
0.8884
0.7580
0.5844
0.4052
0.9634
0.9244
0.8598
0.7690
0.6362
0.9503
0.9164
0.8887
0.8535
0.7924
0.9774
0.9274
0.8124
0.6427
0.4678
0.9493
0.9200
0.8662
0.7817
0.6481
0.9592
0.9345
0.8759
0.7589
0.6504
0.9277
0.8911
0.8370
0.7028
0.5508
0.9499
0.9132
0.8863
0.8906
0.7290
0.9454
0.8585
0.8030
0.6707
0.5461
0.9720
0.9749
0.9485
0.9193
0.8897
0.9500
0.9602
0.9695
0.9780
0.9888
0.9979
0.9953
0.9736
0.9655
0.8850
0.9938
0.9806
0.9646
0.9281
0.8479
0.9985
0.9985
0.9986
0.9986
0.9987
0.9425
0.8986
0.8336
0.7470
0.6443
0.9137
0.8544
0.7662
0.6213
0.4060
0.9278
0.8759
0.7867
0.6666
0.5147
0.9359
0.8937
0.8189
0.7051
0.5635
0.9959
0.9878
0.9767
0.9601
0.9348
0.9243
0.8723
0.7969
0.6871
0.5445
0.9221
0.8619
0.7707
0.6498
0.5142
0.9729
0.9505
0.9099
0.8456
0.7489
0.9306
0.8771
0.7918
0.6809
0.5514
0.9778
0.9608
0.9320
0.8877
0.8252
0.9202
0.8595
0.6900
0.4660
0.2681
0.8973
0.8269
0.6861
0.5080
0.3455
0.9671
0.9455
0.8949
0.8595
0.8353
0.9858
0.9634
0.9154
0.8403
0.7447
0.9678
0.9537
0.9268
0.8687
0.7695
0.9706
0.9546
0.9195
0.8548
0.7942
0.9444
0.9136
0.8402
0.7614
0.6797
0.9493
0.9982
0.8590
0.8034
0.6567
0.9557
0.7961
0.8965
0.6183
0.4519
0.9806
0.9716
0.9400
0.9238
0.8938
0.9479
0.9573
0.9680
0.9786
0.9890
0.9951
0.9897
0.9438
0.9555
0.8502
0.9861
0.9227
0.9491
0.8339
0.8605
0.9964
0.9963
0.9981
0.9963
0.9973
0.8876
0.8107
0.7130
0.6022
0.4950
0.9190
0.8719
0.8093
0.7102
0.5799
0.9355
0.8987
0.8503
0.7926
0.7298
0.9301
0.8784
0.8095
0.7129
0.5779
0.9951
0.9859
0.9716
0.9048
0.7997
0.9378
0.9024
0.8474
0.7621
0.6746
0.9183
0.8598
0.7748
0.6720
0.5634
0.9758
0.9547
0.9169
0.8581
0.7720
0.9275
0.8730
0.7962
0.6972
0.5867
0.9851
0.9724
0.9485
0.9049
0.8378
0.9161
0.8559
0.7066
0.5259
0.3472
0.9564
0.9092
0.8383
0.7231
0.5924
0.9516
0.9252
0.8908
0.8394
0.8157
0.9794
0.9384
0.8485
0.7156
0.5662
0.9540
0.9339
0.8789
0.7636
0.5928
0.9573
0.9333
0.8819
0.7856
0.6816
0.9456
0.9132
0.8597
0.7301
0.5404
0.9805
0.9668
0.9097
0.8054
0.6849
0.9131
0.8909
0.7431
0.6249
0.4581
0.9742
0.9651
0.9275
0.8973
0.8653
0.9485
0.9571
0.9673
0.9779
0.9887
0.9978
0.9945
0.9701
0.9629
0.8690
0.9938
0.9796
0.9687
0.9236
0.8689
0.9979
0.9980
0.9979
0.9981
0.9979
0.9046
0.8409
0.7578
0.6653
0.5714
0.9079
0.8657
0.7994
0.6917
0.5128
0.9259
0.8771
0.7926
0.6616
0.4833
0.9303
0.8619
0.7897
0.7080
0.6299
0.9945
0.9840
0.9678
0.9439
0.6949
0.9382
0.8894
0.8087
0.6775
0.5182
0.9258
0.8690
0.7817
0.6687
0.5387
0.9785
0.9593
0.9252
0.8668
0.7813
0.9338
0.8812
0.8032
0.6961
0.5681
0.9730
0.9533
0.9131
0.8457
0.7443
0.9244
0.8671
0.7089
0.4936
0.2848
0.9532
0.9116
0.8315
0.7152
0.5559
0.9472
0.9089
0.8631
0.8199
0.7503
0.9753
0.9248
0.8167
0.6692
0.5247
0.9305
0.8817
0.7868
0.6651
0.5384
0.9437
0.9077
0.8296
0.6829
0.5702
0.9207
0.8579
0.7488
0.5557
0.4399
0.9991
0.8841
0.8366
0.6495
0.4127
0.9182
0.8148
0.6917
0.5390
0.4658
0.9618
0.9684
0.9327
0.8931
0.8613
0.9510
0.9594
0.9687
0.9793
0.9880
0.9977
0.9946
0.9700
0.9573
0.8546
0.9944
0.9825
0.9688
0.9292
0.8625
0.9982
0.9983
0.9983
0.9982
0.9984
0.9222
0.8694
0.7951
0.6977
0.5819
0.8976
0.8297
0.7088
0.5034
0.2025
0.9108
0.8423
0.7374
0.5827
0.3948
0.9260
0.8565
0.7706
0.6536
0.5812
0.9921
0.9753
0.9433
0.7829
0.5311
0.9136
0.8344
0.7085
0.5523
0.4385
0.8773
0.7965
0.6783
0.5412
0.4050
0.9634
0.9309
0.8782
0.7936
0.6738
0.8897
0.8155
0.7044
0.5736
0.4353
0.9792
0.9609
0.9284
0.8731
0.7888
0.8784
0.7956
0.5879
0.3639
0.1988
0.9258
0.8586
0.7513
0.6005
0.4276
0.9176
0.8703
0.8385
0.8005
0.7492
0.9886
0.9691
0.9294
0.8637
0.7772
0.9500
0.9351
0.9050
0.8559
0.7691
0.9626
0.9490
0.9116
0.8227
0.7359
0.9274
0.8814
0.8246
0.7651
0.6895
0.9508
0.9730
0.8315
0.7404
0.6227
0.9223
0.7900
0.6623
0.5071
0.3817
0.9632
0.9814
0.9615
0.9381
0.9123
0.9450
0.9554
0.9650
0.9761
0.9875
0.9979
0.9944
0.9725
0.9593
0.8693
0.9947
0.9829
0.9757
0.9313
0.9014
0.9970
0.9970
0.9971
0.9971
0.9971
0.8778
0.7944
0.6797
0.5458
0.4111
0.8636
0.8023
0.7166
0.6089
0.4878
0.8823
0.8055
0.6869
0.5399
0.4483
0.8973
0.8188
0.6940
0.5912
0.4460
0.9915
0.9783
0.9160
0.8760
0.7907
0.9189
0.8789
0.8139
0.7261
0.6682
0.9313
0.8801
0.8022
0.6981
0.5743
0.9798
0.9625
0.9302
0.8767
0.8015
0.9372
0.8928
0.8176
0.7242
0.6043
0.9799
0.9632
0.9307
0.8718
0.7787
0.9291
0.8776
0.7365
0.5326
0.3204
0.9590
0.9224
0.8586
0.7482
0.5996
0.9549
0.9195
0.8689
0.8201
0.7193
0.9822
0.9437
0.8502
0.6977
0.5210
0.9529
0.9222
0.8441
0.7078
0.5280
0.9599
0.9323
0.8657
0.7304
0.6010
0.9379
0.8880
0.8083
0.6210
0.4113
0.9777
0.9570
0.8751
0.6547
0.4569
0.9115
0.8420
0.7562
0.5624
0.6271
0.9600
0.9645
0.9323
0.9024
0.8644
0.9524
0.9590
0.9678
0.9753
0.9877
0.9975
0.9942
0.9664
0.9590
0.8331
0.9945
0.9846
0.9680
0.9372
0.8552
0.9985
0.9983
0.9985
0.9985
0.9983
0.9302
0.8804
0.8105
0.7153
0.5972
0.9231
0.8701
0.7848
0.6230
0.3530
0.9148
0.8600
0.7657
0.6341
0.4581
0.9297
0.8706
0.7721
0.5979
0.4705
0.9933
0.9786
0.9548
0.9161
0.5469
0.9383
0.8798
0.7861
0.6106
0.4005
0.9290
0.8844
0.8210
0.7516
0.6819
0.9774
0.9591
0.9281
0.8810
0.8187
0.9365
0.8960
0.8364
0.7689
0.6969
0.9916
0.9848
0.9740
0.9563
0.9278
0.9282
0.8813
0.7737
0.6591
0.5472
0.9566
0.9219
0.8644
0.7741
0.6810
0.9709
0.9565
0.9432
0.9221
0.8894
0.9596
0.8737
0.7282
0.5926
0.4707
0.9920
0.9854
0.9676
0.9014
0.7423
0.9864
0.9751
0.9408
0.8627
0.7581
0.9894
0.9843
0.9692
0.9530
0.9029
0.9979
0.9931
0.9474
0.9305
0.9110
0.9287
0.9647
0.9129
0.9171
0.8267
0.9949
0.9796
0.9681
0.9518
0.9346
0.9480
0.9581
0.9678
0.9780
0.9889
0.9927
0.9823
0.9511
0.9366
0.8555
0.9823
0.9710
0.9429
0.9347
0.8191
0.9991
0.9991
0.9991
0.9992
0.9992
0.9386
0.8999
0.8484
0.7890
0.7269
0.9843
0.9741
0.9589
0.9345
0.8888
0.9591
0.9286
0.9367
0.8001
0.7222
0.9034
0.8485
0.7770
0.7194
0.6907
0.9989
0.9969
0.9940
0.9905
0.9855
0.9773
0.9541
0.9111
0.8667
0.8022
