38.3935
35.3899
32.3121
29.3232
26.2572
38.5440
35.5655
32.4867
29.5494
26.4622
30.6422
27.5891
24.5307
21.5422
18.5702
50.3546
47.1797
43.8590
40.7207
36.8862
44.1851
41.1936
36.1778
30.9707
25.1064
38.5781
35.1035
31.9992
28.7964
25.3099
35.0883
31.3220
26.4544
22.8314
18.2261
41.8863
36.4018
30.2826
24.4211
19.6773
36.2342
33.1497
28.7450
23.9002
18.1254
38.5428
35.4469
30.0562
23.8153
17.5084
39.6218
36.7563
33.3325
26.0024
18.9621
37.2725
35.9744
31.5590
28.8975
26.6625
41.2848
30.5921
25.0607
24.2899
27.2841
34.2879
31.4998
26.0260
23.5430
20.6350
21.2673
19.8986
19.0272
18.2047
17.6512
25.3487
20.9069
14.9100
11.3645
9.0584
29.9415
23.9869
21.9463
17.6032
15.9285
25.9530
23.0402
19.8586
16.8289
13.8378
38.3391
35.3163
32.3252
29.2789
26.3416
44.9084
41.5811
37.4386
31.8480
25.5720
36.1218
32.9127
29.5369
25.8461
21.8521
36.0322
31.6294
27.7172
23.2333
18.9253
36.1804
30.9923
27.7055
23.7361
18.3082
37.0213
34.0704
30.0529
24.4463
18.3930
36.8527
33.8443
30.7822
27.8014
24.8330
37.0385
34.0632
30.9968
28.0346
24.9126
29.0564
26.1184
23.0968
20.1486
17.3234
47.4587
43.8280
39.9346
35.5706
30.7215
42.5839
39.5738
34.4446
28.6659
21.5123
35.0599
31.9812
28.5943
25.0213
21.2293
30.8225
28.4145
21.5681
19.0580
14.3727
44.0965
38.6239
32.4989
26.5157
21.5561
35.6285
32.8894
28.8447
23.1013
14.0922
34.9831
32.1426
27.6091
21.9569
19.2737
33.8551
28.5791
23.0708
17.7209
13.7131
27.6057
32.8364
21.1910
20.6845
16.6938
31.6623
29.0400
22.7252
20.6466
19.5375
31.2322
32.5897
27.7104
25.8189
23.0632
19.6789
18.0072
17.0427
16.0298
16.4615
23.8268
19.3680
13.4717
9.8336
8.2027
24.8936
19.1461
16.9440
12.4410
10.9237
24.3185
21.5159
18.2668
15.2392
12.2692
36.7703
33.7010
30.6368
27.6080
24.5397
40.6868
35.0143
28.3324
21.9667
16.3507
32.9630
29.4686
25.7261
20.9260
14.5705
34.9388
30.7873
27.9796
22.2594
14.9483
32.9336
25.8585
19.4519
15.7785
13.5219
33.4363
28.8594
23.2024
17.9242
13.4694
37.6545
34.7239
31.6141
28.5650
25.5038
37.8906
34.8856
31.8192
28.7030
25.5365
30.0416
27.0893
24.0334
21.0671
18.1524
44.9070
41.2449
37.8056
33.8116
29.4025
43.0593
39.9851
34.7012
29.0493
22.7196
36.9599
33.6148
30.3361
26.8442
23.1052
29.3922
25.5654
21.7006
18.5547
14.8543
45.0360
39.5695
33.4383
27.4191
22.3646
38.0576
35.1893
30.7328
24.7779
16.2340
36.5474
33.9709
28.9590
22.4472
17.2838
34.2483
28.1212
22.8961
18.2183
14.2375
36.0323
33.6774
22.4061
19.7762
14.4679
35.3780
26.7723
23.9643
19.1111
14.3653
30.5515
33.7506
28.7165
26.5928
23.6280
19.9770
18.7217
18.1425
17.2427
17.7158
24.7943
20.3734
14.4949
10.8522
8.7446
26.3656
21.7904
18.3830
15.7535
12.3648
25.2710
22.2293
19.2117
16.2321
13.2135
37.1119
33.9886
30.9391
27.9128
24.7857
37.8374
33.1657
27.5422
21.6561
16.4485
33.3822
29.9887
26.6273
22.6610
15.9619
38.8300
34.9637
31.1356
24.1281
19.3986
32.4245
26.1625
19.7473
16.6328
14.1191
34.2637
29.0033
23.1701
18.0228
14.1182
37.4611
34.5160
31.3965
28.4402
25.4079
37.6331
34.7020
31.6586
28.6798
25.6128
29.7299
26.7436
23.6745
20.7152
17.7456
45.0293
41.7250
38.4284
34.5044
30.3200
43.2771
40.2783
35.2386
29.9138
23.6179
37.2023
33.5281
30.5906
27.1498
23.4284
31.8752
27.1653
23.0366
18.2078
14.8764
45.5607
40.1016
33.9600
27.9126
22.8518
36.7768
34.0197
30.1670
25.3009
17.1592
37.1532
34.1524
29.0392
23.4734
15.9914
31.7846
26.3916
22.0022
17.5398
13.7072
34.6365
31.6637
24.9054
19.8870
15.6075
31.9922
25.8002
23.3479
22.4987
15.8764
29.9847
35.1414
29.5544
27.5379
24.6295
22.2171
19.8489
18.7124
17.5998
17.5808
24.4789
20.0338
14.0555
10.4934
8.3370
27.7893
21.9567
19.8330
15.3093
13.8139
25.0470
21.9441
18.9467
15.9380
12.9272
37.4233
34.3696
31.3858
28.3443
25.3665
39.0619
32.1777
25.6826
20.0574
15.3803
33.2003
29.7637
26.3695
22.8252
14.9448
36.5945
32.9407
27.1760
23.4294
14.2646
30.6159
23.5086
18.8587
16.3938
13.4876
32.4167
26.8949
21.9437
17.5451
13.6178
37.0473
34.0452
31.0298
28.0772
24.9790
37.2694
34.2429
31.1610
28.2077
25.1147
29.3597
26.3746
23.4163
20.4503
17.5460
46.6870
43.4733
39.8008
35.9606
31.7355
42.5851
39.5511
34.3412
28.6186
21.8961
35.8357
32.2794
29.0572
25.5938
21.8365
33.8369
29.4273
25.3608
20.8244
17.3016
38.6332
33.1391
26.8353
20.5672
15.5115
34.8272
31.6132
26.8403
20.9012
13.3944
33.0031
30.2059
25.7371
20.0369
16.0495
36.4297
32.8788
29.3474
23.8960
18.5339
34.6178
32.9046
29.7243
18.4228
22.4378
32.2040
25.6056
28.5275
19.7660
17.9184
31.4324
26.5927
21.3000
18.1611
14.9898
16.5253
16.1778
15.9298
15.6056
15.8378
24.0905
19.6730
13.8499
10.1581
8.3960
25.7392
20.8474
17.7740
14.8691
11.7428
24.7444
21.6994
18.6947
15.6838
12.6759
36.5224
33.5108
30.4218
27.3534
24.1780
42.0020
38.1814
33.8300
28.7389
23.2503
33.7345
30.2283
26.7401
23.0337
18.2555
38.9997
34.3191
29.0001
22.8390
17.9560
33.1564
28.2388
25.3820
23.2307
20.0267
34.2901
30.8470
27.3724
23.3486
18.5919
40.0670
37.1266
33.9858
31.0130
27.9274
40.4036
37.3696
34.3396
31.2578
28.2044
32.8737
29.8228
26.7878
23.8401
20.8446
49.8830
46.8337
43.4996
39.9395
36.7394
44.4781
41.4523
36.3513
31.0509
25.2465
40.0357
36.5258
33.1042
29.8640
26.1961
34.4445
30.6678
28.5614
24.6476
20.4518
43.0663
37.5810
31.5117
25.7506
21.0954
38.0333
34.8394
30.2807
25.2245
18.5194
39.7631
36.8883
32.2057
25.3244
20.0294
40.8401
37.6715
34.1122
27.6059
20.8809
39.7162
35.7574
33.3406
31.2287
23.8568
39.0087
39.8497
31.0149
25.5560
24.3216
35.6946
33.0959
27.1120
24.5450
21.7178
21.9371
20.8532
20.3385
19.5383
19.2352
27.5044
23.3430
17.0605
13.9291
11.1052
27.9387
23.7319
19.9115
17.6316
13.8914
28.0798
25.0148
22.0153
19.0187
16.0180
38.6744
35.6277
32.5305
29.3175
26.1307
45.6291
42.3381
38.0067
32.9933
26.7579
37.2081
33.8891
30.4736
26.7789
22.4878
39.9529
35.5180
28.6565
25.6932
22.0470
38.9525
33.7501
29.5339
26.8463
20.8247
38.0768
35.1063
31.5297
27.0611
20.9033
38.2014
35.1988
32.1298
29.0889
26.0509
38.3919
35.3856
32.3007
29.2566
26.2092
30.4423
27.3997
24.3936
21.3631
18.4411
48.8276
45.3103
41.6628
37.3943
33.0257
43.9395
40.9360
35.8631
30.5295
24.5041
37.7595
34.6288
31.4606
27.9981
24.4982
31.9004
27.7769
23.7821
19.6454
17.0187
42.4799
36.9448
30.5511
24.0346
18.5882
37.6193
34.7202
30.1488
24.8695
17.3323
36.2198
33.3592
28.5751
22.4028
17.9698
34.6362
28.9878
24.3027
19.9923
15.4363
26.7834
32.7871
29.8034
21.8897
17.8202
32.0211
29.3677
23.7372
20.4271
17.7768
30.5152
31.6148
25.8029
22.7259
20.3155
21.0169
19.4476
18.5096
17.7846
17.6115
25.1497
20.7085
14.7588
11.1759
8.9490
28.1775
22.5835
20.2249
16.2893
14.2046
25.9652
22.7050
19.6596
16.6651
13.6680
38.0472
35.0676
32.0250
28.9677
25.9355
39.2253
34.1664
28.3174
23.0119
17.9617
33.6816
30.4782
27.1028
23.6196
18.6108
37.5998
33.4405
28.9847
24.1374
16.5485
32.2916
26.2448
21.7243
19.3747
15.6842
34.3273
29.9240
24.7849
19.8482
15.4099
39.8476
36.8176
33.7474
30.7147
27.6628
39.9731
36.9273
33.8769
30.8564
27.8362
32.4154
29.3707
26.3278
23.2966
20.3504
47.0979
44.0421
40.6429
37.1503
33.5556
44.9405
41.8536
36.6186
31.1628
25.1035
39.0427
35.9452
32.5255
29.0922
25.4680
36.7010
32.1209
28.5945
24.6986
20.3949
40.3262
34.8105
28.6211
22.5848
17.5676
37.9270
34.8414
30.3357
24.9460
17.7109
37.9265
35.1252
30.2569
24.3906
20.2253
39.9967
36.2660
32.9551
29.6927
22.7583
40.0947
36.6136
32.4091
26.5098
18.9156
39.3516
28.8994
37.5175
28.7820
20.4322
34.4860
28.9840
23.4360
21.5800
18.0772
19.6990
19.1175
19.0927
18.7898
20.5651
26.9580
22.8303
16.5108
13.4585
10.5937
27.3654
23.0751
19.3497
17.3321
13.3455
27.7396
24.6475
21.5670
18.6239
15.6157
38.8798
35.7354
32.5303
29.1908
25.8945
45.3941
41.9075
37.3981
32.0451
26.9322
36.9611
33.5254
29.9651
26.3674
22.0437
39.2797
34.3951
30.1942
23.4882
18.6098
36.5277
31.5407
28.4188
26.5233
24.3997
37.5928
34.2180
30.8167
27.0378
22.5009
40.4177
37.3394
34.3208
31.3110
28.3375
40.5933
37.5593
34.5076
31.4584
28.4803
32.6041
29.6058
26.5955
23.5890
20.5595
49.9664
46.6527
42.9318
38.9289
34.8472
46.1710
43.1796
38.1707
33.0563
27.3881
40.3018
37.0183
33.9386
30.6261
27.0269
34.0813
29.5912
26.1545
21.9169
19.0353
44.8903
39.3740
33.0770
26.8067
21.5817
40.1034
37.2907
33.0298
28.2897
20.7403
39.4541
36.4526
31.7001
25.2072
21.1308
37.9962
34.2500
28.0514
22.8399
18.3220
40.1220
37.7998
30.3303
27.9531
21.3914
36.2095
31.5171
26.7797
23.1992
24.9085
33.4386
33.6190
27.2031
25.1230
22.3697
21.6645
20.7939
20.3802
19.7641
20.1346
27.3716
22.9319
16.9183
13.4034
10.9642
29.7439
23.8435
21.7748
17.2945
15.7556
27.9631
24.9364
21.9160
18.9214
15.9072
40.3699
37.3388
34.3868
31.2933
28.2850
42.8268
37.4884
32.0993
26.4965
21.2044
36.7175
33.4241
30.0581
26.7838
20.4905
40.6019
35.9769
31.6610
24.2062
18.6850
34.3263
29.2679
25.1716
22.3124
18.4045
37.7169
33.3263
28.0939
22.8330
18.3140
40.0147
37.0185
33.9740
30.9934
27.9184
40.2450
37.2324
34.1007
31.1305
28.0958
32.3963
29.4006
26.3557
23.3303
20.3063
46.5194
43.8470
40.6173
37.1401
33.4699
45.4604
42.4587
37.4304
32.2576
26.6137
40.5599
36.9468
33.8455
30.5415
27.1387
34.1330
29.8385
25.8622
21.6839
18.4757
45.8561
40.3696
34.1766
28.0530
22.9442
39.2703
36.3684
31.9980
27.1621
20.5577
39.7024
36.8137
32.0173
25.4426
21.2713
37.8839
32.9087
27.6333
22.4802
17.7237
30.9390
33.1150
31.2618
23.0712
19.7063
40.9246
29.5226
27.4609
21.3307
22.0465
33.5937
31.9559
27.1801
24.1354
22.2504
21.6281
20.6423
20.0564
19.4895
18.8088
27.1093
22.7431
16.6550
13.2204
10.7250
30.0940
24.8501
22.1846
18.6878
16.1505
27.8049
24.7366
21.7960
18.7831
16.9485
39.5969
36.6344
33.5816
30.5569
27.5091
42.0378
36.6724
31.2267
26.0089
20.8450
36.1324
32.7607
29.5354
26.2292
20.8560
39.5509
34.1067
29.9249
27.6599
21.8064
34.5305
30.4717
24.2842
20.6948
17.5358
36.5402
32.6753
27.8047
22.2623
17.5552
36.7454
33.7210
30.6777
27.6443
24.5773
36.9405
33.9344
30.8167
27.7150
24.6375
28.9790
25.9487
23.0319
20.0245
17.1310
47.6764
44.7855
41.1332
37.1843
32.8392
42.4624
39.3894
33.9919
28.0597
21.3911
35.6306
32.3774
28.9586
25.4741
21.7244
31.2442
27.6428
23.1277
19.2993
15.4438
40.7640
35.2722
29.1113
23.1104
18.1807
35.0890
32.0441
27.3792
21.6361
14.1013
35.2676
32.2916
27.6609
21.0897
16.0131
36.0536
32.9066
28.9893
21.7961
15.8479
36.6091
23.6853
29.8192
23.5047
19.6352
26.2124
31.4638
20.7676
20.9651
17.1426
31.8035
27.8166
22.6899
19.6762
17.4289
18.2237
17.2969
16.6033
16.0167
16.9433
23.6947
19.2499
13.5299
9.7181
8.0167
26.3361
20.9609
18.3531
14.9768
12.3453
24.2761
21.4105
18.2402
15.2200
12.2181
36.6501
33.6036
30.4942
27.4922
24.4279
41.4052
37.6309
32.9890
27.2127
21.0555
33.4504
30.1029
26.4162
22.5854
17.3759
37.1763
33.0593
26.7792
21.3261
17.4327
33.5220
28.5715
25.4533
21.2723
15.8313
34.1959
30.9383
27.0643
21.9337
15.7171
41.6608
38.6146
35.5334
32.5398
29.5553
41.9373
38.8517
35.8093
32.8063
29.7391
34.0305
31.0370
27.9978
24.9409
22.0071
51.0895
47.8737
44.0947
39.9897
35.7976
46.8629
43.8436
38.7786
33.5595
27.6785
41.1515
37.7702
34.5349
31.2259
27.4224
35.5034
31.2714
26.9723
23.5213
19.6988
45.1163
39.6206
33.5644
27.7399
22.8532
40.4728
37.7999
33.7716
29.1417
21.0498
41.7267
38.7327
33.7780
26.5952
21.5119
39.7030
34.4031
27.8780
23.3935
18.6648
31.3670
29.4638
33.5055
23.9930
19.0693
37.0399
36.2281
29.3844
25.0226
27.9941
35.7037
35.1288
30.0686
27.9120
24.7517
22.3664
21.6483
21.2354
20.7638
21.8850
28.7530
24.4273
18.2969
14.9600
12.2988
30.1322
24.5929
22.1789
18.0936
16.1672
29.4160
26.2964
23.2150
20.2688
17.2573
41.3084
38.1971
35.1742
32.0865
28.9453
44.3444
38.8036
33.2807
27.4470
21.6335
37.9298
34.3708
30.9831
27.3720
19.8550
41.4694
38.0522
34.0912
23.9846
20.9644
36.5562
30.4599
26.0391
21.6952
18.7160
38.3209
33.9921
28.6584
23.0867
18.6316
38.2470
35.2660
32.2149
29.1934
26.2275
38.4606
35.4907
32.3713
29.3969
26.3777
30.5912
27.6668
24.5535
21.5950
18.6733
46.3840
43.8182
40.4924
37.1915
33.4341
43.6406
40.6250
35.5654
30.3022
24.2306
37.5962
34.2850
30.9742
27.6542
23.9199
36.7085
33.0670
29.9895
25.1784
20.2398
39.9806
34.5186
28.4356
22.6463
18.0775
35.5266
32.1994
27.5084
22.5890
16.0213
36.3226
33.4670
29.0196
23.3022
17.5696
39.8314
37.5472
34.2796
29.4479
22.7306
39.2845
34.5214
23.1310
29.6766
25.9664
42.1733
39.5295
27.9788
26.9788
19.3794
33.6014
27.5447
21.6746
19.6863
16.6544
21.5896
19.9947
19.0433
17.9765
17.8878
25.3110
21.0199
14.8871
11.5273
9.0520
27.1417
22.7250
19.2173
16.5583
13.1973
25.8246
22.8383
19.8487
16.8433
13.8403
37.5690
34.4707
31.3928
28.2155
25.0578
44.9190
42.2587
38.8469
34.8008
29.6513
36.0232
32.7664
29.6383
26.1187
22.0706
38.3094
33.7728
27.7739
22.7394
18.5121
38.3250
33.3933
30.3314
28.3318
24.3364
35.7236
33.1818
30.3794
27.2094
22.5778
38.5923
35.5593
32.4896
29.4792
26.4831
38.6731
35.7349
32.7050
29.6989
26.6723
30.7999
27.8650
24.7788
21.8185
18.8494
49.1999
46.2059
42.6518
38.8020
34.5838
44.2828
41.2800
36.2237
30.8553
24.4337
37.7425
34.3203
31.2131
27.8275
24.0510
36.1955
31.7077
26.9348
22.2038
17.9482
42.3924
36.8879
30.6032
24.3732
19.3217
36.2271
33.1946
28.6726
23.5663
16.4216
33.6107
30.6749
26.4814
21.3725
17.2113
38.2912
34.2340
29.2849
23.0578
17.6529
37.4772
25.2834
20.8577
27.8882
20.0186
30.1962
35.4065
24.5966
22.1697
18.9638
32.2857
29.2438
23.3817
20.1416
17.6399
20.4311
19.3552
18.7269
18.1241
17.6717
25.5559
21.1045
15.1473
11.5914
9.4090
26.6765
21.0242
18.7122
14.9530
12.6943
26.1309
23.1150
20.0817
17.0935
14.0771
38.4937
35.4615
32.3377
29.3357
26.1160
44.1678
40.2300
35.3083
29.3562
22.8375
35.5598
31.9800
28.4154
24.5920
20.0331
40.1625
35.4211
31.9506
23.9979
20.6031
34.8856
29.4888
25.4015
23.0823
17.6276
37.3816
33.4050
28.7646
23.5533
17.8780
37.4455
34.3895
31.3496
28.3090
25.2285
37.6271
34.6432
31.5862
28.5210
25.3973
30.1020
27.2266
24.1721
21.2670
18.3595
42.7547
39.5500
36.0093
32.2605
28.5052
41.7904
38.6998
33.3965
27.7023
21.0767
35.8086
32.4655
29.0581
25.5032
21.6074
30.3921
25.8148
23.6063
19.3154
14.7437
43.0250
37.5395
31.3576
25.2627
20.0910
36.5137
33.5407
28.8314
22.6032
14.0269
36.7533
33.7890
29.1321
22.9179
17.5193
34.9060
29.0622
23.4947
18.6794
14.4044
33.6494
27.2312
29.2072
19.7914
17.1953
35.2218
28.2603
26.0856
19.7128
16.6460
30.4915
32.4970
26.7792
25.2389
22.2067
18.7277
17.8273
17.0656
16.5135
16.8907
24.8328
20.6390
14.5562
11.2121
9.0548
23.9561
21.6220
15.8992
16.0159
9.9132
25.3540
22.3463
19.2968
16.3295
13.3252
34.5331
31.4047
28.0979
24.8301
21.6372
40.4007
35.1356
29.2468
22.6084
16.8972
33.2881
29.4594
25.2939
20.4266
15.0961
37.8045
33.5561
28.7007
23.3764
18.4199
32.0489
26.3506
20.9539
17.3535
14.7524
34.9686
29.8575
24.2098
18.9185
14.5203
39.1978
36.1861
33.1004
30.0919
27.0844
39.3464
36.4055
33.2639
30.2675
27.2184
31.4617
28.4878
25.3625
22.4128
19.3458
50.9002
47.9655
44.3868
40.3322
35.8534
44.8769
41.8735
36.8293
31.6545
26.0603
39.6994
36.0734
33.1622
29.7975
26.4067
32.6004
28.4537
24.3928
20.6406
16.8057
46.0825
40.6211
34.6112
28.8781
24.1438
38.2913
35.4327
31.5451
27.2627
20.7135
40.5323
37.3657
31.7832
24.4891
20.2933
37.8685
32.8165
25.9198
19.8566
15.7005
35.3531
36.8904
33.0388
23.7423
22.2578
34.4883
28.5667
28.4199
21.9569
26.9202
33.4432
35.6595
30.6121
27.6217
25.3459
23.8578
21.5234
20.2749
19.1243
19.3527
26.1886
21.7806
15.7377
12.2723
9.7498
29.9400
24.5861
21.9823
18.2422
15.9627
26.7590
23.7098
20.7064
17.6738
14.7078
38.9072
35.9150
32.8828
29.8132
26.6848
42.3119
37.4064
31.5811
25.3381
19.5989
35.6994
32.3878
29.1793
26.0424
16.8577
37.9549
35.4649
31.7455
25.0208
18.5342
37.1715
28.9505
21.3758
18.6820
15.9962
36.3701
31.9968
26.1981
20.0012
15.5371
36.9008
33.9306
30.8400
27.7824
24.5764
37.0377
34.1171
30.9868
27.8518
24.6260
29.1251
26.1239
23.1221
20.2943
17.3323
46.5493
43.5867
39.7440
35.5401
31.2145
42.6060
39.5463
33.9574
27.5928
20.7861
35.5930
32.0445
28.6772
25.3386
21.4932
31.2591
25.9240
21.6070
18.2081
16.1714
42.3891
36.9135
30.7297
24.6902
19.7593
35.4663
32.4105
27.6872
21.4485
13.7136
37.2725
34.2417
29.1930
22.2385
18.4608
34.4947
29.9075
23.7914
18.7125
13.9354
36.1838
32.4619
21.1050
19.5123
16.6430
35.6104
32.5872
22.7202
17.0045
19.4857
30.5584
29.0699
24.0132
22.4392
18.7449
19.8573
18.2595
17.5152
16.6210
16.4723
23.7993
19.3553
13.8474
9.8145
8.4297
25.4812
19.9563
17.5384
14.0431
11.5136
24.4684
21.4124
18.4720
15.4762
15.1589
36.6498
33.6966
30.7968
27.7063
24.7137
39.2577
33.9839
28.7024
22.9026
17.3492
32.7992
29.2022
25.3432
21.2385
15.9167
34.4439
30.9608
23.1629
21.1814
16.2271
32.5730
28.0380
20.8483
17.5337
13.7887
32.8528
29.5575
24.7583
18.9065
13.8980
35.6778
32.6868
29.6351
26.6656
23.6097
35.8200
32.8539
29.7881
26.8244
23.7156
27.9669
25.0181
21.9579
19.0043
16.1119
42.8113
39.6678
36.3210
32.8040
29.0565
41.1828
38.1752
33.0390
27.4190
20.6932
34.2824
30.7903
27.5278
24.0808
20.2005
32.5630
27.9548
23.2353
19.8366
15.3359
39.8596
34.3700
28.0945
21.9226
17.0254
33.4212
30.2213
25.4337
20.0500
12.5629
32.4880
29.7782
25.2354
19.7758
15.8404
34.9460
31.4462
26.0400
20.5758
14.8853
33.3263
25.0141
23.7601
25.1564
14.6868
26.9612
28.1101
28.4410
20.7926
16.7453
30.3942
26.8289
21.0583
18.6873
15.6616
16.2573
15.5058
15.4670
14.8877
14.8429
22.6750
18.2885
12.3828
8.7578
6.8307
25.9346
21.3808
17.9449
15.1579
11.9253
23.2751
20.2042
17.2178
14.2195
11.2187
34.9414
31.8231
28.7930
25.6510
22.5163
40.4217
36.4108
31.6035
25.9212
19.6863
32.1891
28.6354
25.1224
21.1936
15.8834
36.3731
31.1479
25.1903
18.5075
15.3585
31.8098
26.8226
24.0083
20.5420
16.5076
32.8390
29.4788
25.6979
21.0190
15.0858
40.0632
37.0653
33.9693
31.0115
27.9544
40.2610
37.2619
34.1813
31.1912
28.1364
32.3745
29.3768
26.2740
23.3108
20.3662
49.9261
45.4294
41.5442
38.3336
33.0753
45.7198
42.7033
37.5970
32.2195
26.1070
39.5441
36.2774
33.0634
29.8445
26.1527
35.6594
30.9709
27.1611
22.7307
18.7574
41.8149
36.2819
30.0608
24.0597
19.2264
38.7394
35.8508
31.8225
26.7427
19.4030
39.0753
36.2789
31.4261
24.9859
19.8605
38.9589
35.2342
31.9082
26.3125
20.2950
39.9535
35.3304
29.1866
21.7361
27.3040
40.3365
35.1252
31.1706
26.3652
19.8890
34.3589
30.9438
26.4434
24.0744
21.5439
21.4598
20.3418
19.7278
19.1708
19.3497
27.0482
22.6839
16.6186
13.2531
10.7263
28.4250
23.2663
20.4635
17.4595
14.4461
27.6318
24.5611
21.5672
18.5583
15.5305
39.8175
36.6999
33.7211
30.5050
27.2681
44.5488
39.8674
34.3433
28.7217
23.3433
36.6818
33.3028
29.7813
26.2005
21.5004
39.8431
34.9844
29.9486
26.4705
20.2835
35.9316
30.9437
28.0374
25.8429
22.2219
36.9416
33.1643
29.1346
24.7628
20.5301
40.8535
37.8597
34.8018
31.7199
28.6771
41.2911
38.2009
35.0004
31.8769
28.6325
35.7360
32.7552
29.7619
26.8010
23.9325
50.0311
46.6110
42.8600
38.9105
34.8400
42.6575
39.5893
34.4274
29.0731
23.2900
40.1496
36.9178
33.4330
29.7114
25.7723
31.8322
28.0124
29.6223
26.5603
19.8029
45.3407
39.8458
33.6812
27.7422
22.7537
39.2513
35.9189
30.7331
24.3768
17.1236
42.6155
39.9437
35.1641
28.7410
24.2294
40.3073
37.1207
30.5585
25.8514
20.8141
41.2657
30.2298
35.6516
27.2495
23.0250
32.4032
34.2124
38.9833
28.4112
21.7451
36.8763
34.5943
29.2095
27.2163
24.6145
21.5378
21.3345
21.4920
21.4905
21.4931
30.0898
27.4929
19.7210
18.3993
13.9068
27.0262
23.5978
18.9499
18.4060
12.9302
30.6854
27.6531
24.6147
21.5972
18.6194
38.0471
34.8979
31.7323
28.5494
25.2904
45.1765
40.3625
35.6251
30.0203
24.0442
36.2221
32.3093
28.4429
24.4044
20.5150
40.3270
37.4533
32.6932
31.2707
25.3148
37.9179
32.8969
28.2088
25.2475
20.6451
40.5834
36.4351
31.7756
26.1759
20.9656
39.3807
36.3776
33.3070
30.2668
27.2944
39.5979
36.6068
33.5441
30.5042
27.4734
31.7721
28.7331
25.7246
22.7372
19.6737
49.5177
46.4297
43.1208
39.4434
35.6109
44.6683
41.6653
36.6262
31.4605
25.7649
39.5577
36.2771
33.0781
29.6359
26.1642
33.7740
29.3095
26.1941
21.7597
19.3839
42.9381
37.4438
31.2721
25.2502
20.3112
37.9948
34.9513
30.4494
25.3791
18.8224
38.1413
35.3351
30.5455
24.2958
18.1012
38.5621
35.5796
31.3166
24.8217
19.0319
30.1526
29.2576
32.8724
29.7824
17.8910
36.5048
28.3859
27.3074
21.6997
24.2282
34.4410
30.9221
25.4891
22.0918
19.1189
20.7257
19.7784
19.2584
18.5689
19.0662
26.4745
22.1342
16.0332
12.6063
10.1282
29.0633
24.0987
21.1458
17.6758
15.1250
27.0517
24.0582
21.0142
18.0010
15.0383
38.7341
35.6954
32.7397
29.6365
26.6434
44.5534
40.7534
36.1684
30.5303
24.2298
36.2283
33.0766
29.6516
26.2818
22.0774
38.0098
33.9383
30.7703
26.5181
24.0524
36.3671
31.3917
27.1196
24.1991
19.0859
37.2565
34.0885
30.0786
25.1072
19.0947
38.9404
35.9701
32.8597
29.8858
26.8211
39.1227
36.1408
33.0233
30.0158
27.0580
31.4055
28.3979
25.3440
22.3389
19.3031
47.6935
44.8846
41.4974
37.9494
34.1658
44.0690
41.0692
36.0467
30.9039
25.2077
38.9270
35.4915
32.2132
28.8972
25.2330
33.9477
29.7738
26.8547
23.1518
18.3960
43.4722
37.9792
31.8777
26.0055
21.2390
37.2021
34.1076
29.9227
25.3478
18.4876
35.9766
33.4782
29.0723
23.4116
18.5969
37.9742
33.6102
28.3303
22.3414
17.1418
29.1528
33.9868
32.4826
29.0348
19.6382
39.3604
31.3345
28.2807
24.3510
20.0285
33.3490
31.6803
27.4312
23.5800
21.5493
21.2778
20.0884
19.2834
18.6682
18.7739
26.1052
21.7961
15.6531
12.2814
9.6816
27.7782
22.8978
19.7738
16.2309
13.7534
26.7337
23.7137
20.7189
17.6661
14.6531
38.0200
35.0164
31.9780
28.8752
25.8102
43.8298
39.9239
34.4726
28.0576
21.6830
35.4754
31.9973
28.5857
25.0342
20.3790
38.6571
34.9443
30.6524
26.1726
18.7443
36.0287
30.8837
25.9829
22.8123
17.2778
36.2569
32.5356
28.1341
22.8520
17.0362
39.6237
36.5657
33.5094
30.5052
27.4565
39.7053
36.6988
33.5782
30.6397
27.5915
32.0676
29.0331
26.0055
22.9757
20.0339
47.8896
43.9876
39.9588
35.8311
31.8776
44.6962
41.6494
36.5063
31.1793
25.1170
38.8702
35.6130
32.4403
28.8852
25.2032
32.6731
28.0980
24.4547
20.6107
17.3873
45.1144
39.6214
33.4129
27.3300
22.4316
39.2158
36.1695
31.7328
26.5593
18.3319
38.7192
35.5933
30.5633
24.3748
19.4630
34.7610
29.6156
24.7722
20.8832
16.8099
30.1764
24.7850
28.0883
22.4815
18.7785
38.1047
29.6690
27.8513
21.2606
21.9836
34.0699
32.9512
29.6882
26.1780
23.7522
19.3089
18.9954
18.6505
18.6176
18.5545
26.7765
22.4060
16.3346
12.9590
10.3878
26.7160
21.8217
18.7694
15.6454
12.7482
27.2553
24.2379
21.2019
18.2047
15.1957
39.1281
35.9536
32.8221
29.6128
26.3245
39.6318
33.5187
27.8677
23.0494
18.6446
34.6715
31.5262
28.1434
24.6114
18.4937
39.8090
35.6491
31.6906
27.6607
23.1351
33.3325
27.5471
23.3582
19.6394
16.7225
35.2234
31.1407
26.4833
21.2237
16.7418
37.8365
34.8208
31.7357
28.7858
25.6778
37.9437
34.9570
31.9097
28.8373
25.8590
30.0974
27.0927
24.0349
21.0882
17.9864
43.6961
40.5803
37.1313
33.5497
30.0501
43.3201
40.3212
35.3056
30.2156
24.6876
37.8799
34.5099
31.3853
28.0021
24.4424
32.3419
28.0870
23.8247
20.6389
16.8885
42.2902
36.8259
30.6973
24.7676
19.9367
36.4419
33.3845
28.8287
24.1359
17.7550
35.5927
33.0512
28.7040
22.2771
18.2502
36.5195
32.7537
28.3255
22.1185
16.5908
28.5832
33.4340
31.4705
28.0509
17.6745
31.8105
24.4711
22.1815
20.7025
20.2848
32.3596
29.9696
25.0198
22.1124
19.2548
23.0721
20.5509
19.1873
18.0219
18.6122
24.8394
20.4824
14.3826
10.9512
8.3803
29.3590
24.7608
21.4472
17.8851
15.4271
25.6279
22.5827
19.5419
16.6050
13.6087
37.2264
34.2350
31.2058
28.1869
25.0576
41.2193
36.9091
32.3418
26.7192
21.2013
34.2915
30.9679
27.5563
24.1838
20.3299
38.1084
34.0008
26.8078
21.9296
18.6662
34.7150
29.5404
25.5597
22.6527
16.6072
34.0754
30.9354
27.6857
22.7722
16.3162
38.7021
35.6453
32.6056
29.6357
26.6072
38.6100
35.6284
32.5751
29.5619
26.4497
32.0325
29.1135
26.0306
23.1500
20.1347
39.9503
36.7655
33.7421
30.6287
27.4695
41.9878
38.9479
33.8330
28.5825
22.9359
37.5324
34.1387
30.8567
27.5779
23.9604
30.1086
26.5201
23.6317
20.7853
17.1490
37.1673
31.6610
25.6911
20.1233
15.5539
38.8586
35.3225
30.1822
24.0182
16.7366
28.2213
27.3705
24.8636
21.8327
17.5345
38.7713
36.2378
31.8436
29.5781
25.8502
27.3345
28.2854
27.3660
25.6494
24.7231
34.6339
32.7414
27.9409
31.4957
28.2797
33.1609
27.5070
25.0940
23.4603
21.3892
18.0862
18.0258
17.4642
17.7294
18.4629
27.3101
22.2441
16.9831
12.7793
11.1742
26.3991
23.3135
18.4755
17.7015
12.4796
28.0695
25.0971
22.0736
19.0418
16.0815
37.3964
34.3178
31.1547
28.0562
24.8863
39.8687
36.9806
34.3350
31.9391
29.1818
35.0375
31.9812
32.6323
25.2731
21.7377
41.0583
38.1965
32.1826
28.0916
22.5643
39.6764
34.9590
31.8825
29.7886
27.8779
37.4069
35.7167
33.0129
29.1200
23.1085
